6.196980248951341474e-01 2.430918182810137551e-01 -1.912631903917916043e+00 1.996007984031935960e-03
6.032469303791735404e-01 2.509865255081185076e-01 -1.902909066201766697e+00 1.996007984031935960e-03
6.469654878193253911e-01 -1.110479763195218184e-01 -2.293449174052535344e+00 1.996007984031935960e-03
-4.824976476085606203e-01 4.253626662842154849e-01 3.708484356899799817e-03 1.996007984031935960e-03
-4.747041560637673685e-01 4.559943196674172139e-01 3.231755033670216659e-02 1.996007984031935960e-03
-5.246847912066087138e-01 4.499386129566662618e-01 3.747740317098664092e-02 1.996007984031935960e-03
-3.235083326404837312e-01 2.745706594593567695e-01 4.493751770787599575e-01 1.996007984031935960e-03
6.277423642132207160e-01 2.121127856785032795e-01 -1.957555101332957070e+00 1.996007984031935960e-03
6.364392925108905974e-01 2.216342557043047834e-01 -1.889865930111251924e+00 1.996007984031935960e-03
6.071782511359884449e-01 -4.723431260313990659e-02 -2.285068870474045610e+00 1.996007984031935960e-03
-5.038881701611660491e-01 4.678083139330090345e-01 -1.283273350184790940e-02 1.996007984031935960e-03
-2.623369487341122852e-01 6.508933891234619518e-01 -7.023970259381351333e-01 1.996007984031935960e-03
5.290878218441640302e-01 -2.657496411688474169e-01 -2.789920401217365065e+00 1.996007984031935960e-03
6.205930242515550477e-01 2.346929171202896125e-01 -1.890202406892263376e+00 1.996007984031935960e-03
-4.718756496363323283e-01 4.470073069214803296e-01 -5.120873045975971906e-03 1.996007984031935960e-03
-4.736292972862632955e-01 4.253444517185910323e-01 -1.638040097114102246e-03 1.996007984031935960e-03
6.327667973987023409e-01 2.252372627075989731e-01 -1.922266624951290748e+00 1.996007984031935960e-03
6.337280392342904412e-01 2.250098725611276718e-01 -1.891277218705684104e+00 1.996007984031935960e-03
6.361093762371354821e-01 2.491363680076995046e-01 -1.897104086344503893e+00 1.996007984031935960e-03
5.305958305378609685e-01 -2.541156361634512306e-01 -2.780672304318082766e+00 1.996007984031935960e-03
6.046604314368584365e-01 2.510095914744785994e-01 -1.930271811070963128e+00 1.996007984031935960e-03
6.112512584248280811e-01 -2.008704283444234795e-02 -2.227570168116419502e+00 1.996007984031935960e-03
-4.599678607787988649e-01 4.698529164690223858e-01 5.429789027380869937e-02 1.996007984031935960e-03
6.128699897615556003e-01 -2.650675902929995609e-02 -2.286446971719194199e+00 1.996007984031935960e-03
6.291441272728157674e-01 2.318700514830825121e-01 -1.908498390137071565e+00 1.996007984031935960e-03
5.706483200450296334e-01 -4.864104290503400152e-02 -2.173478351070413428e+00 1.996007984031935960e-03
6.032469303791735404e-01 2.509865255081185076e-01 -1.902909066201766697e+00 1.996007984031935960e-03
-5.166484163049464007e-01 4.517306838555764648e-01 9.068526982827259178e-03 1.996007984031935960e-03
-4.457472036376732283e-01 4.130655192670071307e-01 3.574397554575665936e-02 1.996007984031935960e-03
-4.492806236619177884e-01 4.378613861435071697e-01 -3.784749916985742342e-04 1.996007984031935960e-03
-4.411219651773364836e-01 4.395859010962041014e-01 -8.200568580634115534e-03 1.996007984031935960e-03
-4.858579342432652881e-01 4.522703406116141411e-01 -1.149103846397076401e-03 1.996007984031935960e-03
6.061751188494355347e-01 2.473997707197277407e-01 -1.938831192683329263e+00 1.996007984031935960e-03
6.197121259589151165e-01 -1.406014928656489638e-01 -2.285768992633930630e+00 1.996007984031935960e-03
6.054800755173668225e-01 2.471346696343950933e-01 -1.937373599017809145e+00 1.996007984031935960e-03
6.260927600973040796e-01 2.211384244689546807e-01 -1.915179492480624246e+00 1.996007984031935960e-03
-4.515917550384977441e-01 4.307502375633865399e-01 3.134871092618705946e-02 1.996007984031935960e-03
-4.763946354817857332e-01 4.826072272665521412e-01 7.827956662087010020e-02 1.996007984031935960e-03
-2.890789072674650462e-01 6.616359349245355403e-01 -7.154307255059779713e-01 1.996007984031935960e-03
4.705939311012338061e-02 2.730999302055146516e-01 -1.549466412301560680e+00 1.996007984031935960e-03
5.687958335265369536e-01 -5.305275149687496694e-02 -2.185808658104383628e+00 1.996007984031935960e-03
-4.436649192487121529e-01 4.390483890116957943e-01 -5.293643486649289229e-03 1.996007984031935960e-03
6.323335067197036752e-01 2.053108641949658864e-01 -1.870886337651513465e+00 1.996007984031935960e-03
-2.824331613167477273e-01 6.576684678102533432e-01 -7.195573352426463121e-01 1.996007984031935960e-03
-4.548013522311323831e-01 4.457866548673411478e-01 1.873895385642632486e-02 1.996007984031935960e-03
-2.919510121291957749e-01 6.363640895460668245e-01 -7.448465862524779046e-01 1.996007984031935960e-03
-4.968341856030889514e-01 4.515701566904224973e-01 1.562895096754205251e-02 1.996007984031935960e-03
-4.651390743352291079e-01 4.377222076109790194e-01 -3.236353399335171327e-02 1.996007984031935960e-03
6.265907239424290953e-01 2.247200363795378020e-01 -1.920175678448658552e+00 1.996007984031935960e-03
-4.685338552286567038e-01 4.469571946992630385e-01 3.059794082035059010e-02 1.996007984031935960e-03
6.170200211501629672e-01 -1.522148726543066238e-02 -2.275129447780036340e+00 1.996007984031935960e-03
-4.776457180333059660e-01 4.363892621410718209e-01 2.392949682674658241e-02 1.996007984031935960e-03
6.189517868263485489e-01 -3.735769468376520103e-02 -2.280967024728199899e+00 1.996007984031935960e-03
5.877141055945149795e-01 -2.720307696238431078e-02 -2.240182526426919285e+00 1.996007984031935960e-03
6.336857394542531052e-01 2.291421116743685982e-01 -1.936175048450908820e+00 1.996007984031935960e-03
5.973965258925388877e-01 -5.620388087996126131e-02 -2.249967075931011973e+00 1.996007984031935960e-03
6.325161519024199430e-01 2.075920678464810432e-01 -1.852538843629481846e+00 1.996007984031935960e-03
6.194170288984952588e-01 2.242687807970102365e-01 -1.893822106851596576e+00 1.996007984031935960e-03
-4.865349681886336763e-01 4.385504528891866483e-01 4.262539754154598404e-02 1.996007984031935960e-03
-4.169058360177719802e-01 4.609662196227526376e-01 8.367663421963641990e-02 1.996007984031935960e-03
-4.906551053255074346e-01 4.617968203367490143e-01 -9.461146621863371700e-03 1.996007984031935960e-03
5.706929180261036683e-01 -3.327377232662445672e-02 -2.203480079657367696e+00 1.996007984031935960e-03
6.159193024389476578e-01 -4.044093528340953619e-02 -2.245582362836646251e+00 1.996007984031935960e-03
5.355990901976163121e-01 -2.508497374781831768e-01 -2.776471008481585123e+00 1.996007984031935960e-03
-4.996196325789673542e-01 4.297434811483882844e-01 2.000925316750001414e-03 1.996007984031935960e-03
-4.944699373086446914e-01 4.676547049969656533e-01 1.118789203444276077e-02 1.996007984031935960e-03
6.333480007249105981e-01 2.268254638138773871e-01 -1.922792139274207557e+00 1.996007984031935960e-03
6.180026661921016462e-01 -1.106598111065167506e-01 -2.289757560344987564e+00 1.996007984031935960e-03
-4.570519317819921601e-01 4.093697597299632562e-01 6.295006937202596298e-02 1.996007984031935960e-03
-3.963149306615745271e-01 2.293752465638344284e-01 3.659936621398912626e-01 1.996007984031935960e-03
6.592795840486908032e-01 2.316290716266987681e-01 -1.868648158159336603e+00 1.996007984031935960e-03
-4.400886288905299648e-01 4.300874263225927807e-01 -1.430005609224793966e-04 1.996007984031935960e-03
6.112512584248280811e-01 -2.008704283444234795e-02 -2.227570168116419502e+00 1.996007984031935960e-03
6.196513824085942979e-01 -5.264079730242957056e-02 -2.282603662529367750e+00 1.996007984031935960e-03
6.267993533127268480e-01 2.414885190536548154e-01 -1.885504899639508292e+00 1.996007984031935960e-03
-4.893303998462331661e-01 4.514602751837324957e-01 -2.349730431648683338e-03 1.996007984031935960e-03
6.065622974168866088e-01 2.486388442018142020e-01 -1.922760508329402596e+00 1.996007984031935960e-03
-4.762985750706489885e-01 4.277635556176063170e-01 1.412662823874205262e-02 1.996007984031935960e-03
-5.405459494649710317e-01 4.119261274562592279e-01 -2.777585017486111640e-02 1.996007984031935960e-03
-4.776457180333059660e-01 4.363892621410718209e-01 2.392949682674658241e-02 1.996007984031935960e-03
-4.819481376869130806e-01 4.067668271448543482e-01 -1.039097795681978749e-02 1.996007984031935960e-03
6.337280392342904412e-01 2.250098725611276718e-01 -1.891277218705684104e+00 1.996007984031935960e-03
-4.960091539283244533e-01 4.660753154025946698e-01 -5.796665532391473245e-03 1.996007984031935960e-03
5.687958335265369536e-01 -5.305275149687496694e-02 -2.185808658104383628e+00 1.996007984031935960e-03
6.293534077737389376e-01 2.185439046697993937e-01 -1.915906345769767372e+00 1.996007984031935960e-03
-4.624623515848826361e-01 4.285848020050085916e-01 2.653416503205280330e-02 1.996007984031935960e-03
-4.954552357888472591e-01 4.562166566702829940e-01 7.666828260351672177e-03 1.996007984031935960e-03
-4.737945568508301064e-01 4.152271245680856371e-01 2.341669649902306666e-02 1.996007984031935960e-03
5.290878218441640302e-01 -2.657496411688474169e-01 -2.789920401217365065e+00 1.996007984031935960e-03
-5.129187868980839005e-01 4.478182004208297040e-01 -1.868335284148928827e-02 1.996007984031935960e-03
6.179085519581889452e-01 -3.685934511339763325e-02 -2.239862047349630902e+00 1.996007984031935960e-03
-4.728756556953430668e-01 4.263069737749361487e-01 2.925187251365555727e-02 1.996007984031935960e-03
6.483707891967744885e-01 2.238457864334265079e-01 -1.893346986894677730e+00 1.996007984031935960e-03
-4.756406810523076678e-01 4.265488486373918420e-01 2.249717699986376190e-02 1.996007984031935960e-03
-5.028598860662637504e-01 4.287160610445732156e-01 4.678541437626471122e-03 1.996007984031935960e-03
-5.028598860662637504e-01 4.287160610445732156e-01 4.678541437626471122e-03 1.996007984031935960e-03
4.830734265979952369e-01 -3.192275765833998413e-01 -2.747246700380293838e+00 1.996007984031935960e-03
-4.931512454154186043e-01 4.257493313305719118e-01 5.706746350197326387e-03 1.996007984031935960e-03
-4.492806236619177884e-01 4.378613861435071697e-01 -3.784749916985742342e-04 1.996007984031935960e-03
-4.651390743352291079e-01 4.377222076109790194e-01 -3.236353399335171327e-02 1.996007984031935960e-03
-5.258366447052297277e-01 4.506246962535375711e-01 1.515508764639947499e-02 1.996007984031935960e-03
-3.963149306615745271e-01 2.293752465638344284e-01 3.659936621398912626e-01 1.996007984031935960e-03
-4.781198502922670013e-01 4.525023197856674617e-01 6.967888764495779388e-03 1.996007984031935960e-03
5.892449812557960520e-01 -1.267536258373232368e-02 -2.233294163811046840e+00 1.996007984031935960e-03
-3.816131863288033665e-01 2.260207189325384169e-01 3.840435264648520142e-01 1.996007984031935960e-03
-4.711653948975832451e-01 4.365447108883344640e-01 2.567761941590765776e-02 1.996007984031935960e-03
-5.017658741596088268e-01 4.681168687382364357e-01 -3.859013357373791697e-03 1.996007984031935960e-03
-4.440425826584672997e-01 4.292324283651173800e-01 -2.017631800038583324e-03 1.996007984031935960e-03
6.339881493303584081e-01 2.274988587250914296e-01 -1.921981490929707270e+00 1.996007984031935960e-03
6.333525883383623878e-01 2.251955319562822799e-01 -1.883433425427309738e+00 1.996007984031935960e-03
-4.515904084305909505e-01 4.563849657683845540e-01 6.201271735256777724e-03 1.996007984031935960e-03
5.892449812557960520e-01 -1.267536258373232368e-02 -2.233294163811046840e+00 1.996007984031935960e-03
5.706483200450296334e-01 -4.864104290503400152e-02 -2.173478351070413428e+00 1.996007984031935960e-03
6.071672401098013871e-01 2.567461089588730094e-01 -1.924488978053589872e+00 1.996007984031935960e-03
-4.968341856030889514e-01 4.515701566904224973e-01 1.562895096754205251e-02 1.996007984031935960e-03
-4.908641858491223364e-01 4.529572442029508039e-01 2.525278194272749868e-02 1.996007984031935960e-03
6.272473818720952776e-01 2.174796878500157848e-01 -1.945060415913890894e+00 1.996007984031935960e-03
5.739660933321659719e-01 -4.325082960672042148e-02 -2.190064634920261710e+00 1.996007984031935960e-03
6.250120934262101136e-01 -6.896940844481457000e-02 -2.266531627153244077e+00 1.996007984031935960e-03
6.207470986905914145e-01 2.297649595275269296e-01 -1.887238803084049010e+00 1.996007984031935960e-03
6.148780179667348023e-01 2.053938516870675024e-01 -1.905474315845149702e+00 1.996007984031935960e-03
5.553559842522040046e-01 -2.768265264190629127e-01 -2.848780395069706373e+00 1.996007984031935960e-03
6.483519042305299074e-01 2.236762182801501353e-01 -1.892949424565464112e+00 1.996007984031935960e-03
6.387142971730854768e-01 2.206478506913602256e-01 -1.892908731996186589e+00 1.996007984031935960e-03
6.337280392342904412e-01 2.250098725611276718e-01 -1.891277218705684104e+00 1.996007984031935960e-03
-4.674656222296842412e-01 4.472202888597238135e-01 3.170344643479822838e-02 1.996007984031935960e-03
-4.921359890671203607e-01 4.669360888343994653e-01 8.051278275503422413e-03 1.996007984031935960e-03
6.331182634413203836e-01 2.252496280284856656e-01 -1.922647521949132798e+00 1.996007984031935960e-03
6.260770377968322142e-01 2.434258653823412333e-01 -1.890253268446852042e+00 1.996007984031935960e-03
6.448765321536229500e-01 2.340427781127025486e-01 -1.919365383319985074e+00 1.996007984031935960e-03
-3.939101832344203968e-01 2.937455055161177775e-01 3.831763524731019444e-01 1.996007984031935960e-03
6.266497683921186113e-01 2.396110890091025514e-01 -1.883245999912818158e+00 1.996007984031935960e-03
5.225385544946778982e-01 -2.563700117614488017e-01 -2.789632039029247501e+00 1.996007984031935960e-03
-2.641582004003640294e-01 6.486539561786374142e-01 -7.280430092502413464e-01 1.996007984031935960e-03
-4.411219651773364836e-01 4.395859010962041014e-01 -8.200568580634115534e-03 1.996007984031935960e-03
5.193712920541433409e-01 -3.156440600241324779e-01 -2.753814886521888994e+00 1.996007984031935960e-03
6.333480007249105981e-01 2.268254638138773871e-01 -1.922792139274207557e+00 1.996007984031935960e-03
6.277423642132207160e-01 2.121127856785032795e-01 -1.957555101332957070e+00 1.996007984031935960e-03
5.171515018304607691e-01 -3.029133451961035228e-01 -2.761464654890095627e+00 1.996007984031935960e-03
6.362027867128119407e-01 2.091493571447886890e-01 -1.898836816723064924e+00 1.996007984031935960e-03
-4.833832476775665188e-01 4.566023116758545775e-01 2.754330562011839817e-02 1.996007984031935960e-03
6.205930242515550477e-01 2.346929171202896125e-01 -1.890202406892263376e+00 1.996007984031935960e-03
-4.931497182650660949e-01 4.288104489671684116e-01 1.184523550052527657e-02 1.996007984031935960e-03
-4.781198502922670013e-01 4.525023197856674617e-01 6.967888764495779388e-03 1.996007984031935960e-03
5.100664318525023333e-01 -3.060375668062834120e-01 -2.760261350648143264e+00 1.996007984031935960e-03
-4.858514421846017450e-01 4.510190412755463729e-01 3.939515958105126690e-03 1.996007984031935960e-03
-4.787891822953267429e-01 4.139966918469598633e-01 1.999789603495600449e-02 1.996007984031935960e-03
5.706907187982129814e-01 -4.819299773902037398e-02 -2.189675558375179687e+00 1.996007984031935960e-03
-4.709381518415690637e-01 4.466773741260782193e-01 -3.366444841446520481e-02 1.996007984031935960e-03
-5.010069211499121877e-01 4.548862996793822111e-01 2.383788629980124890e-02 1.996007984031935960e-03
6.218843316320595838e-01 2.346843568095227373e-01 -1.891269541096500362e+00 1.996007984031935960e-03
5.904435553291644823e-01 -1.021225267998843514e-02 -2.239414062219926560e+00 1.996007984031935960e-03
-4.969173107226203534e-01 4.558551894618641520e-01 1.649395340086718190e-02 1.996007984031935960e-03
-4.599678607787988649e-01 4.698529164690223858e-01 5.429789027380869937e-02 1.996007984031935960e-03
5.710350547857355741e-01 -3.249898248043800453e-02 -2.202058167039910863e+00 1.996007984031935960e-03
-5.054750457234096217e-01 4.266893210784565849e-01 -1.647338841153115144e-02 1.996007984031935960e-03
5.760565991998686242e-01 -4.052403022803589827e-02 -2.197560575483362033e+00 1.996007984031935960e-03
-3.939101832344203968e-01 2.937455055161177775e-01 3.831763524731019444e-01 1.996007984031935960e-03
6.361093762371354821e-01 2.491363680076995046e-01 -1.897104086344503893e+00 1.996007984031935960e-03
5.237971849575822070e-01 -2.459593328653969790e-01 -2.760532548358860527e+00 1.996007984031935960e-03
-4.936950956502942356e-01 4.049065795422570058e-01 -1.297203564623073020e-02 1.996007984031935960e-03
6.013388825354369915e-01 -3.236955678283666427e-02 -2.299822591834961738e+00 1.996007984031935960e-03
-3.883755073942940506e-01 2.915182107558667024e-01 3.940061534538727428e-01 1.996007984031935960e-03
6.139413284059525022e-01 -2.453631226883907709e-02 -2.274953550204009023e+00 1.996007984031935960e-03
-4.492806236619177884e-01 4.378613861435071697e-01 -3.784749916985742342e-04 1.996007984031935960e-03
6.110290697449538566e-01 -2.487956697074129517e-02 -2.235223401622056461e+00 1.996007984031935960e-03
-3.773857109981320623e-01 4.277079467139873747e-01 9.025082551499204186e-02 1.996007984031935960e-03
4.926365888720038999e-01 -3.130809639552097901e-01 -2.739262215249251842e+00 1.996007984031935960e-03
6.294056718313345566e-01 2.216667304393126481e-01 -1.908162335939645127e+00 1.996007984031935960e-03
-3.939101832344203968e-01 2.937455055161177775e-01 3.831763524731019444e-01 1.996007984031935960e-03
6.394297186714990033e-01 2.495388206198540515e-01 -1.884141037909689009e+00 1.996007984031935960e-03
-3.622007394058795460e-01 2.973776365169414349e-01 3.948134169167270002e-01 1.996007984031935960e-03
-4.577356868380627608e-01 4.690200019662833508e-01 1.642565294880060298e-02 1.996007984031935960e-03
6.159193024389476578e-01 -4.044093528340953619e-02 -2.245582362836646251e+00 1.996007984031935960e-03
6.296107763311677985e-01 2.320655558882699088e-01 -1.921013955428389153e+00 1.996007984031935960e-03
6.168093118474674563e-01 2.098190508644688368e-01 -1.921750577969621787e+00 1.996007984031935960e-03
6.588304387485027780e-01 2.273356207599892542e-01 -1.935948609586901625e+00 1.996007984031935960e-03
6.294056718313345566e-01 2.216667304393126481e-01 -1.908162335939645127e+00 1.996007984031935960e-03
5.100664318525023333e-01 -3.060375668062834120e-01 -2.760261350648143264e+00 1.996007984031935960e-03
5.976960447901815687e-01 2.418450816071990306e-01 -1.897855337197568604e+00 1.996007984031935960e-03
-4.715381756264486746e-01 4.275443143216843267e-01 2.983263107232131395e-02 1.996007984031935960e-03
-4.781198502922670013e-01 4.525023197856674617e-01 6.967888764495779388e-03 1.996007984031935960e-03
5.768439515676648810e-01 -3.860500437937856855e-02 -2.187204716896193446e+00 1.996007984031935960e-03
6.098821509334785285e-01 -4.860437693578834734e-02 -2.234696797398608492e+00 1.996007984031935960e-03
6.394297186714990033e-01 2.495388206198540515e-01 -1.884141037909689009e+00 1.996007984031935960e-03
6.138731383542989084e-01 -4.454969028778643647e-02 -2.245049172235703772e+00 1.996007984031935960e-03
6.071215479295108963e-01 2.524615831978216374e-01 -1.926575488164935734e+00 1.996007984031935960e-03
-4.169058360177719802e-01 4.609662196227526376e-01 8.367663421963641990e-02 1.996007984031935960e-03
6.138731383542989084e-01 -4.454969028778643647e-02 -2.245049172235703772e+00 1.996007984031935960e-03
6.138674705767714901e-01 -4.635632202382883316e-02 -2.250530200504424538e+00 1.996007984031935960e-03
-4.936950956502942356e-01 4.049065795422570058e-01 -1.297203564623073020e-02 1.996007984031935960e-03
-4.576664313418645214e-01 4.434099805984504372e-01 -3.798805637442475257e-03 1.996007984031935960e-03
5.684402566862295503e-01 -3.575731778236283104e-02 -2.202322084334829899e+00 1.996007984031935960e-03
6.423176958418634896e-01 2.368781329269970815e-01 -1.921190278518729588e+00 1.996007984031935960e-03
-4.785122525004620875e-01 4.040402120033389499e-01 -4.611907237425946771e-02 1.996007984031935960e-03
6.365501747864368287e-01 2.493284679833618622e-01 -1.883693041819536340e+00 1.996007984031935960e-03
-4.441460992660842821e-01 4.350173709305518721e-01 3.235533873192643350e-02 1.996007984031935960e-03
6.657994986389569325e-01 2.490351107233196304e-01 -1.944404578753399226e+00 1.996007984031935960e-03
6.370448881409510600e-01 2.299417860303483163e-01 -1.942395697410008504e+00 1.996007984031935960e-03
-4.868631155949917355e-01 4.384649714073756144e-01 4.791988844654931218e-02 1.996007984031935960e-03
6.188784554427934070e-01 2.365711642117359903e-01 -1.905624212839053033e+00 1.996007984031935960e-03
5.812433758080192137e-01 -2.569987087707173781e-02 -2.230860553835638083e+00 1.996007984031935960e-03
6.218018435659984355e-01 -1.064405424215770640e-01 -2.288837258071861669e+00 1.996007984031935960e-03
-4.709381518415690637e-01 4.466773741260782193e-01 -3.366444841446520481e-02 1.996007984031935960e-03
5.759869585698080829e-01 -3.855843715277423867e-02 -2.194017035726546716e+00 1.996007984031935960e-03
-4.880395046954104643e-01 4.221509702677033182e-01 7.723432707705119894e-03 1.996007984031935960e-03
-4.616828898980185891e-01 4.287703517447159496e-01 1.911789659482280440e-02 1.996007984031935960e-03
5.209658586753106446e-01 -2.557287158922436077e-01 -2.789673751782374644e+00 1.996007984031935960e-03
-4.934834531117248124e-01 3.874305801291790807e-01 1.012346821818243744e-02 1.996007984031935960e-03
-4.589510141239378505e-01 4.459177282814307253e-01 -2.431072819099017179e-03 1.996007984031935960e-03
-5.410025901246647839e-01 4.725893509849170004e-01 1.049673190453753908e-02 1.996007984031935960e-03
-5.129187868980839005e-01 4.478182004208297040e-01 -1.868335284148928827e-02 1.996007984031935960e-03
-4.520391284736721138e-01 4.549960707700045903e-01 6.524493393168852642e-03 1.996007984031935960e-03
6.654353813120523764e-01 2.288275463659127373e-01 -1.869674297818248121e+00 1.996007984031935960e-03
6.276016080838336952e-01 2.489852503045225374e-01 -1.887094231727947324e+00 1.996007984031935960e-03
6.443730262742114467e-01 2.450741519336280261e-01 -1.919528875436097737e+00 1.996007984031935960e-03
6.260770377968322142e-01 2.434258653823412333e-01 -1.890253268446852042e+00 1.996007984031935960e-03
6.063568897377541456e-01 2.472257067998691882e-01 -1.919623720244273857e+00 1.996007984031935960e-03
-4.680211579176789538e-01 4.044419672863640014e-01 3.616437060909068191e-02 1.996007984031935960e-03
6.368565199052317327e-01 2.172480171262182180e-01 -1.894518538108205030e+00 1.996007984031935960e-03
-4.936950956502942356e-01 4.049065795422570058e-01 -1.297203564623073020e-02 1.996007984031935960e-03
6.338336092800481714e-01 2.231321649643046856e-01 -1.902536332015317910e+00 1.996007984031935960e-03
6.168093118474674563e-01 2.098190508644688368e-01 -1.921750577969621787e+00 1.996007984031935960e-03
-4.735829707006088407e-01 4.272012522363282105e-01 2.553735045265001849e-02 1.996007984031935960e-03
5.687958335265369536e-01 -5.305275149687496694e-02 -2.185808658104383628e+00 1.996007984031935960e-03
5.760565991998686242e-01 -4.052403022803589827e-02 -2.197560575483362033e+00 1.996007984031935960e-03
-5.056393143659984046e-01 4.266569215065643128e-01 -8.171543993651140397e-03 1.996007984031935960e-03
-4.722584391410916682e-01 4.275176892078551005e-01 2.561350809137635104e-02 1.996007984031935960e-03
6.272473818720952776e-01 2.174796878500157848e-01 -1.945060415913890894e+00 1.996007984031935960e-03
-4.677955710534432154e-01 4.439805312528734005e-01 1.120596549490376903e-02 1.996007984031935960e-03
6.250120934262101136e-01 -6.896940844481457000e-02 -2.266531627153244077e+00 1.996007984031935960e-03
-4.440425826584672997e-01 4.292324283651173800e-01 -2.017631800038583324e-03 1.996007984031935960e-03
-4.265547159341691041e-01 4.192513372090348467e-01 4.207522987636302253e-02 1.996007984031935960e-03
-4.704624748835616321e-01 4.038200798366101130e-01 3.874232741951014886e-02 1.996007984031935960e-03
-2.623369487341122852e-01 6.508933891234619518e-01 -7.023970259381351333e-01 1.996007984031935960e-03
6.098821509334785285e-01 -4.860437693578834734e-02 -2.234696797398608492e+00 1.996007984031935960e-03
-4.531033389205693651e-01 4.314825942573093376e-01 2.139408769758835080e-02 1.996007984031935960e-03
6.331182634413203836e-01 2.252496280284856656e-01 -1.922647521949132798e+00 1.996007984031935960e-03
-3.773857109981320623e-01 4.277079467139873747e-01 9.025082551499204186e-02 1.996007984031935960e-03
5.553559842522040046e-01 -2.768265264190629127e-01 -2.848780395069706373e+00 1.996007984031935960e-03
-2.576163061403387577e-01 6.512006625710557994e-01 -7.100408297746680919e-01 1.996007984031935960e-03
6.361026760333108321e-01 2.110305208001844735e-01 -1.908783358499195781e+00 1.996007984031935960e-03
-4.718756496363323283e-01 4.470073069214803296e-01 -5.120873045975971906e-03 1.996007984031935960e-03
-4.457472036376732283e-01 4.130655192670071307e-01 3.574397554575665936e-02 1.996007984031935960e-03
6.291441272728157674e-01 2.318700514830825121e-01 -1.908498390137071565e+00 1.996007984031935960e-03
-4.600023776633747064e-01 4.085710894063134258e-01 5.883856968583228708e-02 1.996007984031935960e-03
-3.957294304854593880e-01 4.359910858522834110e-01 2.375330952528936779e-02 1.996007984031935960e-03
6.287383167822824248e-01 -3.804920113075681287e-02 -2.231183665410895856e+00 1.996007984031935960e-03
6.365501747864368287e-01 2.493284679833618622e-01 -1.883693041819536340e+00 1.996007984031935960e-03
6.040197686284963785e-01 2.576666937734440888e-01 -1.903550469223619590e+00 1.996007984031935960e-03
6.080569581435524285e-01 -5.237802580081763609e-02 -2.237551152828090029e+00 1.996007984031935960e-03
-4.702974284107305780e-01 4.179693962986624212e-01 1.616560177572312976e-02 1.996007984031935960e-03
-4.820292859722589696e-01 4.534256262681717886e-01 3.914550387432684520e-02 1.996007984031935960e-03
6.331182634413203836e-01 2.252496280284856656e-01 -1.922647521949132798e+00 1.996007984031935960e-03
6.723350393889464538e-01 2.290012233019569077e-01 -1.885776325738703463e+00 1.996007984031935960e-03
6.459319032788922721e-01 2.406643142140577618e-01 -1.898861952903821759e+00 1.996007984031935960e-03
6.333525883383623878e-01 2.251955319562822799e-01 -1.883433425427309738e+00 1.996007984031935960e-03
5.739656974968172509e-01 -4.325175272078644884e-02 -2.192325687780206422e+00 1.996007984031935960e-03
-4.628505846150543501e-01 4.036147288484411289e-01 4.161271622730362829e-02 1.996007984031935960e-03
-4.724637263547056265e-01 4.537014296344635822e-01 2.020484417776310937e-02 1.996007984031935960e-03
-4.665724686436577562e-01 4.347664535902323601e-01 2.235514666752867058e-02 1.996007984031935960e-03
-4.742835669525521380e-01 4.478767212226933414e-01 2.426354617314322240e-02 1.996007984031935960e-03
6.334881020437146404e-01 2.306538741762895472e-01 -1.918755892790978690e+00 1.996007984031935960e-03
-2.625943253955741463e-01 6.575214829782674020e-01 -7.091850078297283755e-01 1.996007984031935960e-03
6.334881020437146404e-01 2.306538741762895472e-01 -1.918755892790978690e+00 1.996007984031935960e-03
6.159193024389476578e-01 -4.044093528340953619e-02 -2.245582362836646251e+00 1.996007984031935960e-03
5.935329933358467480e-01 2.431443286552355809e-01 -1.914846023393740104e+00 1.996007984031935960e-03
6.271994294696857652e-01 -6.478263727415638218e-02 -2.264397595110020145e+00 1.996007984031935960e-03
6.292681502837536023e-01 -6.490653755559006033e-02 -2.263841501899392039e+00 1.996007984031935960e-03
6.394333282858224443e-01 2.495760500163392570e-01 -1.879387115796637309e+00 1.996007984031935960e-03
5.768439515676648810e-01 -3.860500437937856855e-02 -2.187204716896193446e+00 1.996007984031935960e-03
6.296107763311677985e-01 2.320655558882699088e-01 -1.921013955428389153e+00 1.996007984031935960e-03
-4.968341856030889514e-01 4.515701566904224973e-01 1.562895096754205251e-02 1.996007984031935960e-03
5.948913681023673128e-01 -6.117188049093141150e-02 -2.248508190738746304e+00 1.996007984031935960e-03
-4.941024473610249879e-01 4.510285341583268881e-01 -2.111282611329951854e-03 1.996007984031935960e-03
-4.714000876537805529e-01 4.465918350143305293e-01 -3.530144166263073785e-02 1.996007984031935960e-03
-4.689205428696744948e-01 4.545133256091144491e-01 1.563191346773518120e-02 1.996007984031935960e-03
-4.941024473610249879e-01 4.510285341583268881e-01 -2.111282611329951854e-03 1.996007984031935960e-03
-3.235083326404837312e-01 2.745706594593567695e-01 4.493751770787599575e-01 1.996007984031935960e-03
6.084527387240405982e-01 2.552496039183786425e-01 -1.910470015861263526e+00 1.996007984031935960e-03
4.705939311012338061e-02 2.730999302055146516e-01 -1.549466412301560680e+00 1.996007984031935960e-03
5.977575826011461979e-01 2.423733006644971100e-01 -1.903058323341380031e+00 1.996007984031935960e-03
-4.577273412715501810e-01 4.369066498595350345e-01 3.037050549702048543e-03 1.996007984031935960e-03
-5.166484163049464007e-01 4.517306838555764648e-01 9.068526982827259178e-03 1.996007984031935960e-03
-4.868631155949917355e-01 4.384649714073756144e-01 4.791988844654931218e-02 1.996007984031935960e-03
-4.836869058576006020e-01 4.269575394695352966e-01 3.117749029796390570e-03 1.996007984031935960e-03
-4.339850958322978847e-01 4.301183772410194228e-01 1.139762501424140990e-02 1.996007984031935960e-03
6.259242401682689749e-01 -4.101505189635143434e-02 -2.277154484213585572e+00 1.996007984031935960e-03
6.723350393889464538e-01 2.290012233019569077e-01 -1.885776325738703463e+00 1.996007984031935960e-03
6.144270070487518609e-01 -2.453270854137170470e-02 -2.224119665968470994e+00 1.996007984031935960e-03
-4.576664313418645214e-01 4.434099805984504372e-01 -3.798805637442475257e-03 1.996007984031935960e-03
-4.538414363510884786e-01 4.110128961249744362e-01 4.151530192708684230e-02 1.996007984031935960e-03
6.267993533127268480e-01 2.414885190536548154e-01 -1.885504899639508292e+00 1.996007984031935960e-03
6.657994986389569325e-01 2.490351107233196304e-01 -1.944404578753399226e+00 1.996007984031935960e-03
-4.506138404388332908e-01 4.563936666944296561e-01 9.854594112823496579e-03 1.996007984031935960e-03
6.364392925108905974e-01 2.216342557043047834e-01 -1.889865930111251924e+00 1.996007984031935960e-03
-4.781198502922670013e-01 4.525023197856674617e-01 6.967888764495779388e-03 1.996007984031935960e-03
-4.796579337531199361e-01 4.453495539534799708e-01 6.234335930416785854e-02 1.996007984031935960e-03
-5.081552783190460554e-01 4.277950711351797830e-01 5.546733575922639312e-03 1.996007984031935960e-03
5.706907187982129814e-01 -4.819299773902037398e-02 -2.189675558375179687e+00 1.996007984031935960e-03
-4.984258817966634725e-01 4.688111145479391118e-01 -1.461672993939581305e-02 1.996007984031935960e-03
4.926365888720038999e-01 -3.130809639552097901e-01 -2.739262215249251842e+00 1.996007984031935960e-03
-4.968341856030889514e-01 4.515701566904224973e-01 1.562895096754205251e-02 1.996007984031935960e-03
-4.931497182650660949e-01 4.288104489671684116e-01 1.184523550052527657e-02 1.996007984031935960e-03
6.128489109579977612e-01 -4.843087029542224309e-02 -2.232784876786933825e+00 1.996007984031935960e-03
-4.941024473610249879e-01 4.510285341583268881e-01 -2.111282611329951854e-03 1.996007984031935960e-03
-4.677643806340817112e-01 4.475119787858754528e-01 -2.358794383127496216e-02 1.996007984031935960e-03
6.357567478201012756e-01 2.459173657660169987e-01 -1.893693338938664983e+00 1.996007984031935960e-03
6.370448881409510600e-01 2.299417860303483163e-01 -1.942395697410008504e+00 1.996007984031935960e-03
-4.673332456714221483e-01 4.386567187451512195e-01 -3.736995961894973729e-03 1.996007984031935960e-03
-4.954552357888472591e-01 4.562166566702829940e-01 7.666828260351672177e-03 1.996007984031935960e-03
-4.265547159341691041e-01 4.192513372090348467e-01 4.207522987636302253e-02 1.996007984031935960e-03
-4.795119575495563335e-01 4.218363656399938821e-01 -1.108953665041018284e-02 1.996007984031935960e-03
-4.698311172438646710e-01 4.834289319403745622e-01 7.750016162255744800e-02 1.996007984031935960e-03
-4.768909575437763060e-01 4.264109592351992828e-01 2.549540350607563260e-02 1.996007984031935960e-03
6.394297186714990033e-01 2.495388206198540515e-01 -1.884141037909689009e+00 1.996007984031935960e-03
-4.737945568508301064e-01 4.152271245680856371e-01 2.341669649902306666e-02 1.996007984031935960e-03
6.291441272728157674e-01 2.318700514830825121e-01 -1.908498390137071565e+00 1.996007984031935960e-03
-3.265225448247733309e-01 2.733775807141857195e-01 4.492459621910929179e-01 1.996007984031935960e-03
-4.781279102511903356e-01 4.238838322490712796e-01 1.725416439951021202e-02 1.996007984031935960e-03
5.976960447901815687e-01 2.418450816071990306e-01 -1.897855337197568604e+00 1.996007984031935960e-03
6.218843316320595838e-01 2.346843568095227373e-01 -1.891269541096500362e+00 1.996007984031935960e-03
5.093266923032808979e-02 2.962116905844398018e-01 -1.554381572454204719e+00 1.996007984031935960e-03
6.197121259589151165e-01 -1.406014928656489638e-01 -2.285768992633930630e+00 1.996007984031935960e-03
-4.486996715341516340e-01 4.462622000654008492e-01 1.043392349798777201e-02 1.996007984031935960e-03
6.260121510088371144e-01 2.428126968331410229e-01 -1.886333467013853404e+00 1.996007984031935960e-03
-5.035748840413529770e-01 4.326312908860035500e-01 6.405132648271695886e-03 1.996007984031935960e-03
5.524987454098557738e-01 -2.770047223660219160e-01 -2.834436118233294000e+00 1.996007984031935960e-03
-4.724637263547056265e-01 4.537014296344635822e-01 2.020484417776310937e-02 1.996007984031935960e-03
-4.493341038229685669e-01 4.638667906569167720e-01 -7.386924470067887834e-03 1.996007984031935960e-03
6.334881020437146404e-01 2.306538741762895472e-01 -1.918755892790978690e+00 1.996007984031935960e-03
6.040197686284963785e-01 2.576666937734440888e-01 -1.903550469223619590e+00 1.996007984031935960e-03
-4.781279102511903356e-01 4.238838322490712796e-01 1.725416439951021202e-02 1.996007984031935960e-03
-4.460027608055103232e-01 4.468780200946705916e-01 6.977009293727410612e-03 1.996007984031935960e-03
5.829745358579698777e-01 -2.073686869472848165e-02 -2.197540775762807375e+00 1.996007984031935960e-03
-4.674912531469763155e-01 4.370144566907709360e-01 7.175521415526354453e-03 1.996007984031935960e-03
6.273593030093703726e-01 2.217999273201757271e-01 -1.931334033105137848e+00 1.996007984031935960e-03
6.338012608846603779e-01 2.299345043967136459e-01 -1.925629117979948957e+00 1.996007984031935960e-03
5.134853890287879308e-01 -3.054012993438696699e-01 -2.751681231216645873e+00 1.996007984031935960e-03
-4.913395669225896212e-01 4.677417875213274456e-01 -3.250262242476073538e-02 1.996007984031935960e-03
6.052612874538608745e-01 -3.116490632601932528e-02 -2.289570830425192938e+00 1.996007984031935960e-03
6.086555579974808339e-01 -4.150436120162472042e-02 -2.238971851696163196e+00 1.996007984031935960e-03
6.362027867128119407e-01 2.091493571447886890e-01 -1.898836816723064924e+00 1.996007984031935960e-03
6.066548604150638901e-01 -2.980599119456400423e-02 -2.285649710457757333e+00 1.996007984031935960e-03
-4.749608996872390354e-01 4.267137958784273932e-01 3.473371267929299677e-02 1.996007984031935960e-03
6.156544166236611604e-01 -2.138552427466983152e-02 -2.276593212121072352e+00 1.996007984031935960e-03
-3.889885533872570744e-01 2.877050616627706559e-01 4.009982518465886048e-01 1.996007984031935960e-03
6.188784554427934070e-01 2.365711642117359903e-01 -1.905624212839053033e+00 1.996007984031935960e-03
6.148780179667348023e-01 2.053938516870675024e-01 -1.905474315845149702e+00 1.996007984031935960e-03
6.170200211501629672e-01 -1.522148726543066238e-02 -2.275129447780036340e+00 1.996007984031935960e-03
5.676897586044838961e-01 -4.099697538359406424e-02 -2.206217451085660475e+00 1.996007984031935960e-03
-2.651451231656762331e-01 6.599700011990891069e-01 -6.987757653814640202e-01 1.996007984031935960e-03
6.055552448930238141e-01 2.476209375001210966e-01 -1.936278481250450767e+00 1.996007984031935960e-03
6.450938870119188318e-01 2.398030843339207796e-01 -1.915079689297772170e+00 1.996007984031935960e-03
5.209658586753106446e-01 -2.557287158922436077e-01 -2.789673751782374644e+00 1.996007984031935960e-03
-4.460027608055103232e-01 4.468780200946705916e-01 6.977009293727410612e-03 1.996007984031935960e-03
6.138731383542989084e-01 -4.454969028778643647e-02 -2.245049172235703772e+00 1.996007984031935960e-03
5.812433758080192137e-01 -2.569987087707173781e-02 -2.230860553835638083e+00 1.996007984031935960e-03
-4.760472369573309770e-01 4.243699856458622022e-01 1.711731396396859797e-02 1.996007984031935960e-03
6.296107763311677985e-01 2.320655558882699088e-01 -1.921013955428389153e+00 1.996007984031935960e-03
-4.789588955211164234e-01 4.154753453214166115e-01 1.158534332996366892e-02 1.996007984031935960e-03
6.331182634413203836e-01 2.252496280284856656e-01 -1.922647521949132798e+00 1.996007984031935960e-03
6.159193024389476578e-01 -4.044093528340953619e-02 -2.245582362836646251e+00 1.996007984031935960e-03
5.684402566862295503e-01 -3.575731778236283104e-02 -2.202322084334829899e+00 1.996007984031935960e-03
5.829745358579698777e-01 -2.073686869472848165e-02 -2.197540775762807375e+00 1.996007984031935960e-03
-4.853019762356464706e-01 4.291043233022315273e-01 6.199348338123299683e-03 1.996007984031935960e-03
5.587982534519960742e-01 -2.766944506324945374e-01 -2.827802221552252693e+00 1.996007984031935960e-03
6.357282974115734397e-01 2.213886071047798387e-01 -1.927677184815562050e+00 1.996007984031935960e-03
-4.742835669525521380e-01 4.478767212226933414e-01 2.426354617314322240e-02 1.996007984031935960e-03
6.360904519502873500e-01 2.237413174837886154e-01 -1.926947187825854835e+00 1.996007984031935960e-03
6.291954007594537934e-01 2.247457118106901963e-01 -1.927433528147580510e+00 1.996007984031935960e-03
-4.525570076887079907e-01 4.383409770161453833e-01 9.327489674337744938e-03 1.996007984031935960e-03
-4.894146025327359983e-01 4.667993500452120026e-01 2.067146798589597489e-02 1.996007984031935960e-03
6.207470986905914145e-01 2.297649595275269296e-01 -1.887238803084049010e+00 1.996007984031935960e-03
6.315620286965393237e-01 2.130949724065392126e-01 -1.859903906770036919e+00 1.996007984031935960e-03
6.399767155452724676e-01 2.232006462175685213e-01 -1.887445797022646810e+00 1.996007984031935960e-03
6.588304387485027780e-01 2.273356207599892542e-01 -1.935948609586901625e+00 1.996007984031935960e-03
6.394297186714990033e-01 2.495388206198540515e-01 -1.884141037909689009e+00 1.996007984031935960e-03
5.976960447901815687e-01 2.418450816071990306e-01 -1.897855337197568604e+00 1.996007984031935960e-03
-3.371454966470311954e-01 3.163942459488651160e-01 3.606674525504492412e-01 1.996007984031935960e-03
-4.973799673395559173e-01 4.302727491106417834e-01 -9.832916584143787733e-03 1.996007984031935960e-03
6.169352046243185006e-01 2.124701913246206109e-01 -1.917603507262402029e+00 1.996007984031935960e-03
6.327667973987023409e-01 2.252372627075989731e-01 -1.922266624951290748e+00 1.996007984031935960e-03
-5.036565751727770657e-01 4.288612495227542287e-01 5.568088326888044094e-03 1.996007984031935960e-03
6.169352046243185006e-01 2.124701913246206109e-01 -1.917603507262402029e+00 1.996007984031935960e-03
4.926365888720038999e-01 -3.130809639552097901e-01 -2.739262215249251842e+00 1.996007984031935960e-03
6.273817644049171083e-01 2.182685598744281419e-01 -1.950023939099246872e+00 1.996007984031935960e-03
-4.787891822953267429e-01 4.139966918469598633e-01 1.999789603495600449e-02 1.996007984031935960e-03
5.706907187982129814e-01 -4.819299773902037398e-02 -2.189675558375179687e+00 1.996007984031935960e-03
6.168093118474674563e-01 2.098190508644688368e-01 -1.921750577969621787e+00 1.996007984031935960e-03
5.093266923032808979e-02 2.962116905844398018e-01 -1.554381572454204719e+00 1.996007984031935960e-03
6.294056718313345566e-01 2.216667304393126481e-01 -1.908162335939645127e+00 1.996007984031935960e-03
-4.545008513438802411e-01 4.713321720238173307e-01 4.898643456143787767e-02 1.996007984031935960e-03
-3.939101832344203968e-01 2.937455055161177775e-01 3.831763524731019444e-01 1.996007984031935960e-03
6.287383167822824248e-01 -3.804920113075681287e-02 -2.231183665410895856e+00 1.996007984031935960e-03
-4.936950956502942356e-01 4.049065795422570058e-01 -1.297203564623073020e-02 1.996007984031935960e-03
-4.996196325789673542e-01 4.297434811483882844e-01 2.000925316750001414e-03 1.996007984031935960e-03
-3.764904586413270193e-01 4.277478240990827407e-01 8.157104402760086137e-02 1.996007984031935960e-03
5.574690699694647700e-01 -2.756428389130344270e-01 -2.840055596626772427e+00 1.996007984031935960e-03
-3.963149306615745271e-01 2.293752465638344284e-01 3.659936621398912626e-01 1.996007984031935960e-03
-4.651390743352291079e-01 4.377222076109790194e-01 -3.236353399335171327e-02 1.996007984031935960e-03
5.261697464287864445e-01 -2.558945558107427187e-01 -2.765964740534888833e+00 1.996007984031935960e-03
-4.594870011013973965e-01 4.529223755054537781e-01 1.971681040362679993e-02 1.996007984031935960e-03
5.877141055945149795e-01 -2.720307696238431078e-02 -2.240182526426919285e+00 1.996007984031935960e-03
5.160518999490789627e-01 -2.588364023308755701e-01 -2.794934308695423475e+00 1.996007984031935960e-03
-4.650679604088599484e-01 4.511989069552169163e-01 3.396255969216622345e-02 1.996007984031935960e-03
-4.665724686436577562e-01 4.347664535902323601e-01 2.235514666752867058e-02 1.996007984031935960e-03
6.159193024389476578e-01 -4.044093528340953619e-02 -2.245582362836646251e+00 1.996007984031935960e-03
-5.405459494649710317e-01 4.119261274562592279e-01 -2.777585017486111640e-02 1.996007984031935960e-03
-4.327015708065771737e-01 4.304059951485770252e-01 2.784254744540914928e-03 1.996007984031935960e-03
-4.749608996872390354e-01 4.267137958784273932e-01 3.473371267929299677e-02 1.996007984031935960e-03
-4.677955710534432154e-01 4.439805312528734005e-01 1.120596549490376903e-02 1.996007984031935960e-03
5.935329933358467480e-01 2.431443286552355809e-01 -1.914846023393740104e+00 1.996007984031935960e-03
6.156544166236611604e-01 -2.138552427466983152e-02 -2.276593212121072352e+00 1.996007984031935960e-03
6.378969188262163525e-01 2.449496865176750970e-01 -1.874910883465401801e+00 1.996007984031935960e-03
6.037008691413136008e-01 2.549102395353152195e-01 -1.897115641828558630e+00 1.996007984031935960e-03
6.189517868263485489e-01 -3.735769468376520103e-02 -2.280967024728199899e+00 1.996007984031935960e-03
6.104742548385188039e-01 2.226579899609720525e-01 -1.884898060726769353e+00 1.996007984031935960e-03
6.336857394542531052e-01 2.291421116743685982e-01 -1.936175048450908820e+00 1.996007984031935960e-03
6.180026661921016462e-01 -1.106598111065167506e-01 -2.289757560344987564e+00 1.996007984031935960e-03
-5.410025901246647839e-01 4.725893509849170004e-01 1.049673190453753908e-02 1.996007984031935960e-03
6.361093762371354821e-01 2.491363680076995046e-01 -1.897104086344503893e+00 1.996007984031935960e-03
5.225385544946778982e-01 -2.563700117614488017e-01 -2.789632039029247501e+00 1.996007984031935960e-03
-4.789732919776054643e-01 4.260198631181591478e-01 1.108816250273864101e-02 1.996007984031935960e-03
6.233648699123330861e-01 2.462738597458070666e-01 -1.952635379443356189e+00 1.996007984031935960e-03
5.935329933358467480e-01 2.431443286552355809e-01 -1.914846023393740104e+00 1.996007984031935960e-03
-2.576163061403387577e-01 6.512006625710557994e-01 -7.100408297746680919e-01 1.996007984031935960e-03
-4.931497182650660949e-01 4.288104489671684116e-01 1.184523550052527657e-02 1.996007984031935960e-03
5.237971849575822070e-01 -2.459593328653969790e-01 -2.760532548358860527e+00 1.996007984031935960e-03
-4.908641858491223364e-01 4.529572442029508039e-01 2.525278194272749868e-02 1.996007984031935960e-03
-4.577356868380627608e-01 4.690200019662833508e-01 1.642565294880060298e-02 1.996007984031935960e-03
-4.400886288905299648e-01 4.300874263225927807e-01 -1.430005609224793966e-04 1.996007984031935960e-03
6.327667973987023409e-01 2.252372627075989731e-01 -1.922266624951290748e+00 1.996007984031935960e-03
-5.246847912066087138e-01 4.499386129566662618e-01 3.747740317098664092e-02 1.996007984031935960e-03
6.062639230319284422e-01 2.520725130231887268e-01 -1.907978552684658879e+00 1.996007984031935960e-03
-5.054750457234096217e-01 4.266893210784565849e-01 -1.647338841153115144e-02 1.996007984031935960e-03
6.293534077737389376e-01 2.185439046697993937e-01 -1.915906345769767372e+00 1.996007984031935960e-03
-4.698311172438646710e-01 4.834289319403745622e-01 7.750016162255744800e-02 1.996007984031935960e-03
-4.931512454154186043e-01 4.257493313305719118e-01 5.706746350197326387e-03 1.996007984031935960e-03
6.036916519102404344e-01 2.496099968519339407e-01 -1.913617257827219698e+00 1.996007984031935960e-03
-5.054750457234096217e-01 4.266893210784565849e-01 -1.647338841153115144e-02 1.996007984031935960e-03
-3.685995190468441263e-01 2.351369826855080336e-01 3.625026430651700493e-01 1.996007984031935960e-03
-5.036565751727770657e-01 4.288612495227542287e-01 5.568088326888044094e-03 1.996007984031935960e-03
5.706929180261036683e-01 -3.327377232662445672e-02 -2.203480079657367696e+00 1.996007984031935960e-03
-4.696592210750905605e-01 4.040246968699694463e-01 3.512398060758798596e-02 1.996007984031935960e-03
-4.566634439683470159e-01 4.689101551771846510e-01 4.732765696657143667e-02 1.996007984031935960e-03
-4.305944441150749702e-01 4.182107795597913014e-01 3.463735705344768434e-02 1.996007984031935960e-03
5.710350547857355741e-01 -3.249898248043800453e-02 -2.202058167039910863e+00 1.996007984031935960e-03
6.470484072101583273e-01 -1.108998585617421845e-01 -2.289566497835668013e+00 1.996007984031935960e-03
5.976960447901815687e-01 2.418450816071990306e-01 -1.897855337197568604e+00 1.996007984031935960e-03
6.080324602372136900e-01 2.586989327828707053e-01 -1.921329274859023384e+00 1.996007984031935960e-03
-4.689051214241495846e-01 4.341924326645935639e-01 3.999457531800435645e-02 1.996007984031935960e-03
6.056482706493626633e-01 2.423735245044930653e-01 -1.929374689021319478e+00 1.996007984031935960e-03
5.976960447901815687e-01 2.418450816071990306e-01 -1.897855337197568604e+00 1.996007984031935960e-03
5.145756915283018484e-01 -2.521344935497597528e-01 -2.764252182804812996e+00 1.996007984031935960e-03
-2.625943253955741463e-01 6.575214829782674020e-01 -7.091850078297283755e-01 1.996007984031935960e-03
-5.106196563049036907e-01 4.662765298151119731e-01 -1.037618590248179547e-02 1.996007984031935960e-03
6.180026661921016462e-01 -1.106598111065167506e-01 -2.289757560344987564e+00 1.996007984031935960e-03
-2.641582004003640294e-01 6.486539561786374142e-01 -7.280430092502413464e-01 1.996007984031935960e-03
-5.019751707793460582e-01 4.549297015866684557e-01 2.192935372492067422e-02 1.996007984031935960e-03
4.926365888720038999e-01 -3.130809639552097901e-01 -2.739262215249251842e+00 1.996007984031935960e-03
-4.770501090955371892e-01 4.483574506295099904e-01 -3.490130847106024531e-02 1.996007984031935960e-03
-4.651390743352291079e-01 4.377222076109790194e-01 -3.236353399335171327e-02 1.996007984031935960e-03
-4.931512454154186043e-01 4.257493313305719118e-01 5.706746350197326387e-03 1.996007984031935960e-03
-4.413154853536309097e-01 4.464753952541257731e-01 2.942877322927001105e-03 1.996007984031935960e-03
-4.674656222296842412e-01 4.472202888597238135e-01 3.170344643479822838e-02 1.996007984031935960e-03
-4.337235949081678643e-01 4.481602050216944577e-01 5.690979369461390824e-03 1.996007984031935960e-03
6.292681502837536023e-01 -6.490653755559006033e-02 -2.263841501899392039e+00 1.996007984031935960e-03
-4.787891822953267429e-01 4.139966918469598633e-01 1.999789603495600449e-02 1.996007984031935960e-03
-2.623369487341122852e-01 6.508933891234619518e-01 -7.023970259381351333e-01 1.996007984031935960e-03
-4.677955710534432154e-01 4.439805312528734005e-01 1.120596549490376903e-02 1.996007984031935960e-03
-2.836853698356666675e-01 6.268003652090995415e-01 -7.343593248827110509e-01 1.996007984031935960e-03
6.033117930052879219e-01 2.468457178960564713e-01 -1.918886437062159001e+00 1.996007984031935960e-03
6.086555579974808339e-01 -4.150436120162472042e-02 -2.238971851696163196e+00 1.996007984031935960e-03
6.194194590110089216e-01 -5.307062883419009364e-02 -2.280276756243826419e+00 1.996007984031935960e-03
6.080324602372136900e-01 2.586989327828707053e-01 -1.921329274859023384e+00 1.996007984031935960e-03
6.364392925108905974e-01 2.216342557043047834e-01 -1.889865930111251924e+00 1.996007984031935960e-03
-4.888946280444989023e-01 4.515526150403624817e-01 -7.443821059964024836e-03 1.996007984031935960e-03
-4.908641858491223364e-01 4.529572442029508039e-01 2.525278194272749868e-02 1.996007984031935960e-03
6.033117930052879219e-01 2.468457178960564713e-01 -1.918886437062159001e+00 1.996007984031935960e-03
6.287383167822824248e-01 -3.804920113075681287e-02 -2.231183665410895856e+00 1.996007984031935960e-03
-5.013468529523316120e-01 4.294660539357663676e-01 -1.318080389471429359e-02 1.996007984031935960e-03
5.160518999490789627e-01 -2.588364023308755701e-01 -2.794934308695423475e+00 1.996007984031935960e-03
6.152019715151324508e-01 2.080050080914223332e-01 -1.912592216826586533e+00 1.996007984031935960e-03
6.450938870119188318e-01 2.398030843339207796e-01 -1.915079689297772170e+00 1.996007984031935960e-03
-4.641476965445844871e-01 4.342474234023481761e-01 2.959993086067164506e-02 1.996007984031935960e-03
5.739656974968172509e-01 -4.325175272078644884e-02 -2.192325687780206422e+00 1.996007984031935960e-03
-3.889885533872570744e-01 2.877050616627706559e-01 4.009982518465886048e-01 1.996007984031935960e-03
6.046604314368584365e-01 2.510095914744785994e-01 -1.930271811070963128e+00 1.996007984031935960e-03
-3.622007394058795460e-01 2.973776365169414349e-01 3.948134169167270002e-01 1.996007984031935960e-03
6.168093118474674563e-01 2.098190508644688368e-01 -1.921750577969621787e+00 1.996007984031935960e-03
6.196513824085942979e-01 -5.264079730242957056e-02 -2.282603662529367750e+00 1.996007984031935960e-03
-5.013468529523316120e-01 4.294660539357663676e-01 -1.318080389471429359e-02 1.996007984031935960e-03
6.101375721494790572e-01 2.235916491865669042e-01 -1.897989164086298253e+00 1.996007984031935960e-03
-4.742835669525521380e-01 4.478767212226933414e-01 2.426354617314322240e-02 1.996007984031935960e-03
-4.711653948975832451e-01 4.365447108883344640e-01 2.567761941590765776e-02 1.996007984031935960e-03
-4.825971407370100441e-01 4.449916972446405494e-01 3.315968567914574089e-02 1.996007984031935960e-03
6.448765321536229500e-01 2.340427781127025486e-01 -1.919365383319985074e+00 1.996007984031935960e-03
-4.837452075349630842e-01 4.257818178885642291e-01 1.606255047061294974e-02 1.996007984031935960e-03
-5.081552783190460554e-01 4.277950711351797830e-01 5.546733575922639312e-03 1.996007984031935960e-03
-4.704624748835616321e-01 4.038200798366101130e-01 3.874232741951014886e-02 1.996007984031935960e-03
