-6.873686935598983805e-01 2.000004699520481655e+00 -1.428298034218857593e+00 1.996007984031935960e-03
-8.313087402700065631e-01 2.058650520432648623e+00 -1.380992923499769098e+00 1.996007984031935960e-03
-7.623205792621876586e-01 1.987422635990539588e+00 -1.299929925975467304e+00 1.996007984031935960e-03
-6.095672086057362105e-01 2.040833443734789476e+00 -1.435761317948521798e+00 1.996007984031935960e-03
-8.070354019751431185e-01 2.031887148694017764e+00 -1.284522209549489480e+00 1.996007984031935960e-03
-7.765589618077478606e-01 2.041999337989910401e+00 -1.396079094545868760e+00 1.996007984031935960e-03
-5.678414526429846898e-01 2.064995488984572081e+00 -1.430832274102157742e+00 1.996007984031935960e-03
-7.888895830257935948e-01 1.994748373760197646e+00 -1.352651000313380925e+00 1.996007984031935960e-03
-6.281195889977078117e-01 2.120072656214787798e+00 -1.389782381532322475e+00 1.996007984031935960e-03
-6.867591850468590664e-01 2.064745997419101364e+00 -1.451750373065683775e+00 1.996007984031935960e-03
-6.281195889977078117e-01 2.120072656214787798e+00 -1.389782381532322475e+00 1.996007984031935960e-03
-7.114290043091530125e-01 2.094188336856580346e+00 -1.357504842530224742e+00 1.996007984031935960e-03
-5.214374112407363926e-01 2.098493230146863731e+00 -1.500776733068500013e+00 1.996007984031935960e-03
-7.867447985732435312e-01 2.001843310980788715e+00 -1.401062798819122879e+00 1.996007984031935960e-03
-5.268428192441639846e-01 2.124312828851838919e+00 -1.567354923860586835e+00 1.996007984031935960e-03
-6.294105356840737908e-01 2.127566891221118084e+00 -1.431255509739678633e+00 1.996007984031935960e-03
-5.190774734159940840e-01 2.080012351388955683e+00 -1.472297010667474870e+00 1.996007984031935960e-03
-5.707082824379965391e-01 2.124706063065468165e+00 -1.397403221569746723e+00 1.996007984031935960e-03
-8.184375905130436557e-01 2.063593603736555870e+00 -1.312515521337059177e+00 1.996007984031935960e-03
-6.250589246144497846e-01 2.049930181058066569e+00 -1.406500527589594318e+00 1.996007984031935960e-03
-5.882577252449584515e-01 2.044168003572744308e+00 -1.376233825232066499e+00 1.996007984031935960e-03
-5.480986252580118956e-01 2.130747680376924968e+00 -1.425942327459349901e+00 1.996007984031935960e-03
-8.272208138668188937e-01 2.070032403239898233e+00 -1.287772553712350110e+00 1.996007984031935960e-03
-7.149016540730711577e-01 2.057966496287515046e+00 -1.425596288933281164e+00 1.996007984031935960e-03
-6.147738275057498258e-01 2.114724557283695905e+00 -1.452584619298590285e+00 1.996007984031935960e-03
-6.285962640264424195e-01 2.059639993965275195e+00 -1.388854539569347679e+00 1.996007984031935960e-03
-5.555105800249532377e-01 2.101525888338992676e+00 -1.443127433241098601e+00 1.996007984031935960e-03
-8.072803791755728264e-01 2.032346824373023608e+00 -1.280172632053439230e+00 1.996007984031935960e-03
-6.072094509211783953e-01 2.076378640332772640e+00 -1.304588665951809334e+00 1.996007984031935960e-03
-5.822988184565727199e-01 2.087005417952452202e+00 -1.466666711256606970e+00 1.996007984031935960e-03
-5.977554724575057099e-01 2.053007904331442202e+00 -1.477500423497432047e+00 1.996007984031935960e-03
-6.374690130203964911e-01 2.068987444239013929e+00 -1.330383554009687552e+00 1.996007984031935960e-03
-6.769550887253154015e-01 2.038487078654087181e+00 -1.442622095081361300e+00 1.996007984031935960e-03
-8.272208138668188937e-01 2.070032403239898233e+00 -1.287772553712350110e+00 1.996007984031935960e-03
-8.869525987014088564e-01 2.081641779600205577e+00 -1.370299907882683854e+00 1.996007984031935960e-03
-5.925769813607887349e-01 2.051482851658986029e+00 -1.385927829214887774e+00 1.996007984031935960e-03
-7.875388577608856133e-01 2.003845877341730919e+00 -1.391831406345291011e+00 1.996007984031935960e-03
-7.740281857246695818e-01 2.016962708372374458e+00 -1.323943889255456696e+00 1.996007984031935960e-03
-5.929376741161324071e-01 2.074836390679631215e+00 -1.441936980684504155e+00 1.996007984031935960e-03
-6.533074856582620216e-01 2.032451939564155818e+00 -1.454621554196036337e+00 1.996007984031935960e-03
-7.649352797502384504e-01 2.088084163091806111e+00 -1.374896913863251413e+00 1.996007984031935960e-03
-7.899670033240305811e-01 2.033623804516516920e+00 -1.262441340133411138e+00 1.996007984031935960e-03
-6.065629976859860939e-01 2.086404115755090327e+00 -1.398413426384878422e+00 1.996007984031935960e-03
-7.711998002302569155e-01 2.003536818269656905e+00 -1.316955709361078197e+00 1.996007984031935960e-03
-4.566131437973642293e-01 2.108007044367697258e+00 -1.547958573425842310e+00 1.996007984031935960e-03
-6.724123405597700609e-01 1.984323670953833219e+00 -1.430937316935243730e+00 1.996007984031935960e-03
-6.880233274246022601e-01 2.068543292953117785e+00 -1.451208698982682010e+00 1.996007984031935960e-03
-5.284436218053851775e-01 2.068163129854983406e+00 -1.387069736725104363e+00 1.996007984031935960e-03
-5.271672989347293559e-01 2.125828546949226627e+00 -1.560842560814568847e+00 1.996007984031935960e-03
-6.321951027133606571e-01 2.062602899914506960e+00 -1.401537945724215417e+00 1.996007984031935960e-03
-7.853658060331757396e-01 1.998168435130068143e+00 -1.387688343843674899e+00 1.996007984031935960e-03
-5.701131773702868832e-01 2.050211308150203138e+00 -1.355933866660167020e+00 1.996007984031935960e-03
-8.868670748879973198e-01 1.958898710840745183e+00 -1.300201873594341029e+00 1.996007984031935960e-03
-6.140698342551518252e-01 2.117360442122447672e+00 -1.510456270040581472e+00 1.996007984031935960e-03
-7.918056255561526369e-01 2.036334174194744051e+00 -1.264172210618272896e+00 1.996007984031935960e-03
-6.527701446173146405e-01 2.074337032953095683e+00 -1.408029993182745798e+00 1.996007984031935960e-03
-6.380455260351166613e-01 2.003176071604556352e+00 -1.372753399357607540e+00 1.996007984031935960e-03
-6.527701446173146405e-01 2.074337032953095683e+00 -1.408029993182745798e+00 1.996007984031935960e-03
-5.352246218893844665e-01 1.992682689340551150e+00 -1.474407544966185091e+00 1.996007984031935960e-03
-8.122870671194510894e-01 2.121925108950497130e+00 -1.359054650699682787e+00 1.996007984031935960e-03
-6.831411568365398645e-01 2.079565070838838459e+00 -1.337619886971767036e+00 1.996007984031935960e-03
-5.480986252580118956e-01 2.130747680376924968e+00 -1.425942327459349901e+00 1.996007984031935960e-03
-6.880233274246022601e-01 2.068543292953117785e+00 -1.451208698982682010e+00 1.996007984031935960e-03
-7.481223722035703627e-01 2.019725126457985187e+00 -1.358098365466995583e+00 1.996007984031935960e-03
-7.853658060331757396e-01 1.998168435130068143e+00 -1.387688343843674899e+00 1.996007984031935960e-03
-8.094404417141064512e-01 1.996185051966844926e+00 -1.343111986390362667e+00 1.996007984031935960e-03
-7.349693543903120796e-01 2.090676016992571107e+00 -1.383432216687298100e+00 1.996007984031935960e-03
-5.994301791054515993e-01 2.012851227077539384e+00 -1.473897128283985891e+00 1.996007984031935960e-03
-6.618485423974359572e-01 2.078314829559747778e+00 -1.443806745514176315e+00 1.996007984031935960e-03
-5.174213433752807845e-01 2.063201957422159172e+00 -1.416096077428344202e+00 1.996007984031935960e-03
-6.084128387375290492e-01 2.078764969093659154e+00 -1.305741699593353733e+00 1.996007984031935960e-03
-5.627380870995486450e-01 2.090371138487252534e+00 -1.405071865642173679e+00 1.996007984031935960e-03
-7.458492554426472410e-01 1.977009587804494872e+00 -1.427973136949765687e+00 1.996007984031935960e-03
-8.357913486403726333e-01 2.051440512210346512e+00 -1.363435101346505141e+00 1.996007984031935960e-03
-5.822988184565727199e-01 2.087005417952452202e+00 -1.466666711256606970e+00 1.996007984031935960e-03
-6.822906542571882671e-01 2.089231710673034037e+00 -1.376971662485914072e+00 1.996007984031935960e-03
-4.863387607487184572e-01 2.065113793198952941e+00 -1.483171253565710890e+00 1.996007984031935960e-03
-6.052827289740759786e-01 2.072432377322892538e+00 -1.300079007980682100e+00 1.996007984031935960e-03
-5.555105800249532377e-01 2.101525888338992676e+00 -1.443127433241098601e+00 1.996007984031935960e-03
-8.122870671194510894e-01 2.121925108950497130e+00 -1.359054650699682787e+00 1.996007984031935960e-03
-6.179257975512929546e-01 2.103892933439611035e+00 -1.404727059249625709e+00 1.996007984031935960e-03
-4.867374085177979537e-01 2.065727178395403207e+00 -1.459086508340206922e+00 1.996007984031935960e-03
-5.773944328117603941e-01 2.162980558433653222e+00 -1.416790300813395742e+00 1.996007984031935960e-03
-6.917281205138490208e-01 2.113098631699767971e+00 -1.424433975174751010e+00 1.996007984031935960e-03
-5.948114110593337722e-01 2.127652639363390996e+00 -1.369493723931645590e+00 1.996007984031935960e-03
-8.085503046586945963e-01 1.993056474947567880e+00 -1.350006611362881026e+00 1.996007984031935960e-03
-6.921681601810226736e-01 2.114362636438244625e+00 -1.443216997684540814e+00 1.996007984031935960e-03
-8.288042142529491452e-01 2.052550514674282400e+00 -1.387433604070757331e+00 1.996007984031935960e-03
-6.065924885394510246e-01 2.086478897034713675e+00 -1.395946950840896150e+00 1.996007984031935960e-03
-5.480986252580118956e-01 2.130747680376924968e+00 -1.425942327459349901e+00 1.996007984031935960e-03
-4.440861610719048502e-01 2.040070259327384949e+00 -1.469177490728937663e+00 1.996007984031935960e-03
-8.313087402700065631e-01 2.058650520432648623e+00 -1.380992923499769098e+00 1.996007984031935960e-03
-6.045832797141423853e-01 2.071170911767644895e+00 -1.305921735926897087e+00 1.996007984031935960e-03
-7.808701064131914338e-01 2.041996616795100028e+00 -1.436202342398504639e+00 1.996007984031935960e-03
-5.653442365837469952e-01 2.117045782747720040e+00 -1.376919894206435346e+00 1.996007984031935960e-03
-5.230986871879829136e-01 2.014030323521467825e+00 -1.368056038395883967e+00 1.996007984031935960e-03
-8.017269348037281418e-01 2.027157210183232028e+00 -1.369365618984434985e+00 1.996007984031935960e-03
-5.853032048695341327e-01 2.037132204988392647e+00 -1.378597398206815816e+00 1.996007984031935960e-03
-8.868670748879973198e-01 1.958898710840745183e+00 -1.300201873594341029e+00 1.996007984031935960e-03
-6.279112862367359771e-01 2.057223053491562315e+00 -1.410239797445291821e+00 1.996007984031935960e-03
-7.413055168321811550e-01 2.067566012357693772e+00 -1.412368982322889543e+00 1.996007984031935960e-03
-7.413055168321811550e-01 2.067566012357693772e+00 -1.412368982322889543e+00 1.996007984031935960e-03
-6.073532515472953586e-01 2.059085806603187407e+00 -1.451640675675933245e+00 1.996007984031935960e-03
-6.038916697186499372e-01 2.090196238066878820e+00 -1.374144287124231090e+00 1.996007984031935960e-03
-6.577319593837086531e-01 2.056665653903901436e+00 -1.446270468990041635e+00 1.996007984031935960e-03
-5.841028609706848673e-01 2.084655664758541249e+00 -1.322983394760933074e+00 1.996007984031935960e-03
-8.313087402700065631e-01 2.058650520432648623e+00 -1.380992923499769098e+00 1.996007984031935960e-03
-7.853658060331757396e-01 1.998168435130068143e+00 -1.387688343843674899e+00 1.996007984031935960e-03
-6.222625939567993925e-01 2.074668673972706046e+00 -1.360846194789034014e+00 1.996007984031935960e-03
-5.074292942532107054e-01 2.114734601485880106e+00 -1.417426437169730491e+00 1.996007984031935960e-03
-6.544556265593630684e-01 2.078748732222883255e+00 -1.407772788376610240e+00 1.996007984031935960e-03
-6.347602200497129976e-01 2.106376097010164372e+00 -1.381989383683606354e+00 1.996007984031935960e-03
-6.485444294637436879e-01 2.091590109239382045e+00 -1.439043755887446485e+00 1.996007984031935960e-03
-8.828434962389594132e-01 1.989818099485703096e+00 -1.274276627336369705e+00 1.996007984031935960e-03
-6.409219750640473556e-01 2.113606730062724814e+00 -1.377672629428362994e+00 1.996007984031935960e-03
-7.516212722400574808e-01 1.973056345553993340e+00 -1.370485516379063906e+00 1.996007984031935960e-03
-6.987409317087658334e-01 2.070435890515130328e+00 -1.315979794212331688e+00 1.996007984031935960e-03
-6.321951027133606571e-01 2.062602899914506960e+00 -1.401537945724215417e+00 1.996007984031935960e-03
-5.677969887107930935e-01 2.064872889886775642e+00 -1.426910067842169560e+00 1.996007984031935960e-03
-6.281195889977078117e-01 2.120072656214787798e+00 -1.389782381532322475e+00 1.996007984031935960e-03
-5.282677782471395522e-01 2.130969117177945904e+00 -1.560253561034651737e+00 1.996007984031935960e-03
-5.352246218893844665e-01 1.992682689340551150e+00 -1.474407544966185091e+00 1.996007984031935960e-03
-5.834257065657091346e-01 2.173139789509143327e+00 -1.418686759952443976e+00 1.996007984031935960e-03
-5.924695142068038267e-01 2.073493463636743694e+00 -1.436590117794511734e+00 1.996007984031935960e-03
-8.132164959446205321e-01 2.124039746472274448e+00 -1.351172311032643458e+00 1.996007984031935960e-03
-7.400829730522400229e-01 2.065619234982276620e+00 -1.424141913421534733e+00 1.996007984031935960e-03
-5.952243955685471155e-01 2.035653771325240946e+00 -1.431017810237235510e+00 1.996007984031935960e-03
-7.829492017802436310e-01 2.075592094754269645e+00 -1.405824272639201844e+00 1.996007984031935960e-03
-5.190774734159940840e-01 2.080012351388955683e+00 -1.472297010667474870e+00 1.996007984031935960e-03
-5.872487251449116652e-01 2.038022151057274023e+00 -1.377033175640696383e+00 1.996007984031935960e-03
-6.187435390151985182e-01 2.079738411802283693e+00 -1.426013323640901165e+00 1.996007984031935960e-03
-5.882577252449584515e-01 2.044168003572744308e+00 -1.376233825232066499e+00 1.996007984031935960e-03
-7.950979462717396862e-01 2.016852514147582376e+00 -1.371280262799178029e+00 1.996007984031935960e-03
-6.380455260351166613e-01 2.003176071604556352e+00 -1.372753399357607540e+00 1.996007984031935960e-03
-5.655493747299018548e-01 2.070327268641200646e+00 -1.398134461076457669e+00 1.996007984031935960e-03
-6.608075488709803658e-01 2.075269555135534461e+00 -1.446316555077817645e+00 1.996007984031935960e-03
-6.822906542571882671e-01 2.089231710673034037e+00 -1.376971662485914072e+00 1.996007984031935960e-03
-6.755503384604825134e-01 2.089010422718815985e+00 -1.316606069348507324e+00 1.996007984031935960e-03
-5.683700192809396645e-01 2.137001018611788705e+00 -1.466801106596890003e+00 1.996007984031935960e-03
-5.733831230798934753e-01 2.114379843563178873e+00 -1.400989942352767414e+00 1.996007984031935960e-03
-7.158237079825393590e-01 2.060410383400647305e+00 -1.409457757399009692e+00 1.996007984031935960e-03
-6.608075488709803658e-01 2.075269555135534461e+00 -1.446316555077817645e+00 1.996007984031935960e-03
-6.289388405203032439e-01 2.126397409780228287e+00 -1.432202672694237400e+00 1.996007984031935960e-03
-6.748047935487643256e-01 2.017379928256120003e+00 -1.437478858792416991e+00 1.996007984031935960e-03
-7.516212722400574808e-01 1.973056345553993340e+00 -1.370485516379063906e+00 1.996007984031935960e-03
-6.250625004805417939e-01 2.187333787664688778e+00 -1.432522080744423221e+00 1.996007984031935960e-03
-6.618485423974359572e-01 2.078314829559747778e+00 -1.443806745514176315e+00 1.996007984031935960e-03
-6.250625004805417939e-01 2.187333787664688778e+00 -1.432522080744423221e+00 1.996007984031935960e-03
-5.702620693049722522e-01 2.049198039040352359e+00 -1.480307508426037977e+00 1.996007984031935960e-03
-5.805674453761010545e-01 2.165367486423420473e+00 -1.427084131797263344e+00 1.996007984031935960e-03
-9.658860509265192462e-01 2.081342940992122248e+00 -1.240652650165918081e+00 1.996007984031935960e-03
-7.765589618077478606e-01 2.041999337989910401e+00 -1.396079094545868760e+00 1.996007984031935960e-03
-5.982099471956694448e-01 2.051931732674419084e+00 -1.484016812193406087e+00 1.996007984031935960e-03
-7.957154605836415096e-01 2.043902848095640934e+00 -1.268560471911885479e+00 1.996007984031935960e-03
-7.111827704249230608e-01 2.096728697556526910e+00 -1.347692743615944044e+00 1.996007984031935960e-03
-5.834257065657091346e-01 2.173139789509143327e+00 -1.418686759952443976e+00 1.996007984031935960e-03
-6.822906542571882671e-01 2.089231710673034037e+00 -1.376971662485914072e+00 1.996007984031935960e-03
-7.865731887395391864e-01 2.102092586847543298e+00 -1.406429159447212696e+00 1.996007984031935960e-03
-7.894260388036802301e-01 1.995934415065056422e+00 -1.351949737192224665e+00 1.996007984031935960e-03
-8.094404417141064512e-01 1.996185051966844926e+00 -1.343111986390362667e+00 1.996007984031935960e-03
-5.587082304528013799e-01 2.097707708112728664e+00 -1.457311057150981304e+00 1.996007984031935960e-03
-7.438001810786353252e-01 1.971391214129365244e+00 -1.423262869605672165e+00 1.996007984031935960e-03
-6.386561914704438347e-01 2.004595585327791696e+00 -1.370056789096078198e+00 1.996007984031935960e-03
-5.342209337295533711e-01 1.977085576386800936e+00 -1.471151097471581792e+00 1.996007984031935960e-03
-5.878040677033218309e-01 2.054671697971190092e+00 -1.428566169706238176e+00 1.996007984031935960e-03
-7.200245547863537432e-01 2.065543728779763111e+00 -1.354081723952358374e+00 1.996007984031935960e-03
-7.963150279174847634e-01 2.019697035908071481e+00 -1.365473533682552754e+00 1.996007984031935960e-03
-6.425881658853614953e-01 1.999082380676414417e+00 -1.407259695366521957e+00 1.996007984031935960e-03
-6.191722171104147021e-01 2.078397489392319386e+00 -1.414718653718547214e+00 1.996007984031935960e-03
-6.347602200497129976e-01 2.106376097010164372e+00 -1.381989383683606354e+00 1.996007984031935960e-03
-7.653184457245385541e-01 1.991208388059183099e+00 -1.294122138467273864e+00 1.996007984031935960e-03
-7.413055168321811550e-01 2.067566012357693772e+00 -1.412368982322889543e+00 1.996007984031935960e-03
-6.485444294637436879e-01 2.091590109239382045e+00 -1.439043755887446485e+00 1.996007984031935960e-03
-3.967319249138993031e-01 2.015659664651483940e+00 -1.411587719395971829e+00 1.996007984031935960e-03
-7.021196500378507066e-01 2.088452789639650753e+00 -1.409044582891715525e+00 1.996007984031935960e-03
-5.677969887107930935e-01 2.064872889886775642e+00 -1.426910067842169560e+00 1.996007984031935960e-03
-6.383644017733297593e-01 2.047367841586248183e+00 -1.396899058328231913e+00 1.996007984031935960e-03
-5.135841996469758808e-01 2.083637520200040338e+00 -1.422702073604909634e+00 1.996007984031935960e-03
-7.856469168859987473e-01 2.099726356713516040e+00 -1.404868494839243587e+00 1.996007984031935960e-03
-6.147738275057498258e-01 2.114724557283695905e+00 -1.452584619298590285e+00 1.996007984031935960e-03
-6.827873545561762292e-01 2.081004632209624283e+00 -1.406890473126267027e+00 1.996007984031935960e-03
-8.844549595455456492e-01 2.075754137938984112e+00 -1.371068984443486682e+00 1.996007984031935960e-03
-6.187435390151985182e-01 2.079738411802283693e+00 -1.426013323640901165e+00 1.996007984031935960e-03
-6.164968568652612335e-01 2.076935202572992356e+00 -1.399241546938397418e+00 1.996007984031935960e-03
-5.342209337295533711e-01 1.977085576386800936e+00 -1.471151097471581792e+00 1.996007984031935960e-03
-6.386561914704438347e-01 2.004595585327791696e+00 -1.370056789096078198e+00 1.996007984031935960e-03
-5.632792885187182241e-01 2.067166616789028133e+00 -1.401182591871141581e+00 1.996007984031935960e-03
-6.724123405597700609e-01 1.984323670953833219e+00 -1.430937316935243730e+00 1.996007984031935960e-03
-5.948114110593337722e-01 2.127652639363390996e+00 -1.369493723931645590e+00 1.996007984031935960e-03
-7.595426269617114867e-01 2.068866057594670238e+00 -1.424552301477245875e+00 1.996007984031935960e-03
-8.221605354104303265e-01 2.061763304323221302e+00 -1.364989037566814334e+00 1.996007984031935960e-03
-6.831411568365398645e-01 2.079565070838838459e+00 -1.337619886971767036e+00 1.996007984031935960e-03
-6.062029847073304722e-01 2.085491224377484354e+00 -1.401810201958013646e+00 1.996007984031935960e-03
-6.777548295101331055e-01 2.138840113277752142e+00 -1.381161962892980100e+00 1.996007984031935960e-03
-8.021988655646441480e-01 1.984580162301972095e+00 -1.346417196165929475e+00 1.996007984031935960e-03
-7.950979462717396862e-01 2.016852514147582376e+00 -1.371280262799178029e+00 1.996007984031935960e-03
-7.424259974477795954e-01 2.071910163992936482e+00 -1.421065514997670753e+00 1.996007984031935960e-03
-6.380455260351166613e-01 2.003176071604556352e+00 -1.372753399357607540e+00 1.996007984031935960e-03
-7.715173280621373531e-01 1.929605154254158128e+00 -1.314208262362250856e+00 1.996007984031935960e-03
-8.123653504333039344e-01 2.122103212468221756e+00 -1.364069148220669270e+00 1.996007984031935960e-03
-6.914544261990238638e-01 2.071409273124105166e+00 -1.270046181288892795e+00 1.996007984031935960e-03
-8.082305243781158222e-01 2.112272062555563767e+00 -1.393449704262427424e+00 1.996007984031935960e-03
-5.364349252838238602e-01 1.984071736608307601e+00 -1.470521526817342162e+00 1.996007984031935960e-03
-8.051600177759196120e-01 2.031476027364937487e+00 -1.294937921811106785e+00 1.996007984031935960e-03
-5.982569887180931856e-01 2.054627880865460110e+00 -1.473970304834317124e+00 1.996007984031935960e-03
-9.073928164653778383e-01 2.056653094691709871e+00 -1.333340030450649749e+00 1.996007984031935960e-03
-5.680314432508749567e-01 2.008116858515797354e+00 -1.449845235912893271e+00 1.996007984031935960e-03
-7.755967025583658803e-01 2.074794944458053791e+00 -1.366609521558510787e+00 1.996007984031935960e-03
-7.349693543903120796e-01 2.090676016992571107e+00 -1.383432216687298100e+00 1.996007984031935960e-03
-5.214374112407363926e-01 2.098493230146863731e+00 -1.500776733068500013e+00 1.996007984031935960e-03
-6.608075488709803658e-01 2.075269555135534461e+00 -1.446316555077817645e+00 1.996007984031935960e-03
-5.859732520434913772e-01 2.037408032435133354e+00 -1.363343192054861319e+00 1.996007984031935960e-03
-7.813589945845387241e-01 2.043383160197052462e+00 -1.431928094766063753e+00 1.996007984031935960e-03
-7.200245547863537432e-01 2.065543728779763111e+00 -1.354081723952358374e+00 1.996007984031935960e-03
-7.204122806713977312e-01 2.066410803601184565e+00 -1.353624807356602622e+00 1.996007984031935960e-03
-6.831411568365398645e-01 2.079565070838838459e+00 -1.337619886971767036e+00 1.996007984031935960e-03
-6.439173294924981361e-01 2.021214411999928906e+00 -1.354368978806346213e+00 1.996007984031935960e-03
-7.347980326025558284e-01 2.067279739181860254e+00 -1.298613636831577045e+00 1.996007984031935960e-03
-6.577319593837086531e-01 2.056665653903901436e+00 -1.446270468990041635e+00 1.996007984031935960e-03
-5.723367519728693731e-01 2.055234885055086114e+00 -1.349198243943586561e+00 1.996007984031935960e-03
-5.702236276998891018e-01 2.142981909811952246e+00 -1.472423911654111794e+00 1.996007984031935960e-03
-7.711998002302569155e-01 2.003536818269656905e+00 -1.316955709361078197e+00 1.996007984031935960e-03
-6.285962640264424195e-01 2.059639993965275195e+00 -1.388854539569347679e+00 1.996007984031935960e-03
-8.852096836965303028e-01 1.976766334086829557e+00 -1.275898904829271707e+00 1.996007984031935960e-03
-6.193671950966325168e-01 2.093199833495235307e+00 -1.459690399656245141e+00 1.996007984031935960e-03
-8.087117322372563422e-01 2.113790525323838487e+00 -1.354616628258621613e+00 1.996007984031935960e-03
-6.058905376098225881e-01 2.056317166755378345e+00 -1.458575110507351225e+00 1.996007984031935960e-03
-5.733831230798934753e-01 2.114379843563178873e+00 -1.400989942352767414e+00 1.996007984031935960e-03
-7.755967025583658803e-01 2.074794944458053791e+00 -1.366609521558510787e+00 1.996007984031935960e-03
-7.131121424691136967e-01 2.057492981895083339e+00 -1.422701038658880757e+00 1.996007984031935960e-03
-6.140255977801726273e-01 2.071188890468484978e+00 -1.408388481113268975e+00 1.996007984031935960e-03
-7.149016540730711577e-01 2.057966496287515046e+00 -1.425596288933281164e+00 1.996007984031935960e-03
-8.975664890811815289e-01 1.945772342329685767e+00 -1.299049647200408053e+00 1.996007984031935960e-03
-6.073532515472953586e-01 2.059085806603187407e+00 -1.451640675675933245e+00 1.996007984031935960e-03
-9.073928164653778383e-01 2.056653094691709871e+00 -1.333340030450649749e+00 1.996007984031935960e-03
-5.627380870995486450e-01 2.090371138487252534e+00 -1.405071865642173679e+00 1.996007984031935960e-03
-7.352716999239994333e-01 2.048391762724011134e+00 -1.404520202342914637e+00 1.996007984031935960e-03
-6.062029847073304722e-01 2.085491224377484354e+00 -1.401810201958013646e+00 1.996007984031935960e-03
-5.770020825979315093e-01 2.155396051007759439e+00 -1.471581363653816421e+00 1.996007984031935960e-03
-5.467464873770638834e-01 2.021474505411359424e+00 -1.399354170224045513e+00 1.996007984031935960e-03
-8.975664890811815289e-01 1.945772342329685767e+00 -1.299049647200408053e+00 1.996007984031935960e-03
-5.994144094760344155e-01 2.047034881811244933e+00 -1.430712881409433868e+00 1.996007984031935960e-03
-7.864948897773970105e-01 2.000955259918787643e+00 -1.392527081428429625e+00 1.996007984031935960e-03
-7.011580173184843723e-01 2.130476647596712514e+00 -1.409929020440140457e+00 1.996007984031935960e-03
-6.512158981181649375e-01 2.026179245175765420e+00 -1.451990677482097425e+00 1.996007984031935960e-03
-6.724123405597700609e-01 1.984323670953833219e+00 -1.430937316935243730e+00 1.996007984031935960e-03
-8.132164959446205321e-01 2.124039746472274448e+00 -1.351172311032643458e+00 1.996007984031935960e-03
-6.665582314408531328e-01 2.052703125869367096e+00 -1.419730095046236817e+00 1.996007984031935960e-03
-8.844549595455456492e-01 2.075754137938984112e+00 -1.371068984443486682e+00 1.996007984031935960e-03
-5.279845942373937451e-01 2.131771024937086256e+00 -1.416407088442977802e+00 1.996007984031935960e-03
-6.294408904621316969e-01 2.029651465672312582e+00 -1.407753747141809342e+00 1.996007984031935960e-03
-5.706488498245166907e-01 2.144353937859373449e+00 -1.472839804419500132e+00 1.996007984031935960e-03
-6.780963296203172952e-01 2.041748294648797035e+00 -1.428361925653669262e+00 1.996007984031935960e-03
-5.137108831311790746e-01 2.059398827777530361e+00 -1.517778221888846035e+00 1.996007984031935960e-03
-5.179872394809097447e-01 2.175250927665023593e+00 -1.477642636659079800e+00 1.996007984031935960e-03
-6.870493245477967692e-01 2.100381931998532181e+00 -1.373679819592219964e+00 1.996007984031935960e-03
-7.595426269617114867e-01 2.068866057594670238e+00 -1.424552301477245875e+00 1.996007984031935960e-03
-8.184375905130436557e-01 2.063593603736555870e+00 -1.312515521337059177e+00 1.996007984031935960e-03
-7.258205167147258052e-01 2.067288897482202792e+00 -1.428697387080359427e+00 1.996007984031935960e-03
-6.580079310405063664e-01 2.066441937357841319e+00 -1.374654541750485626e+00 1.996007984031935960e-03
-6.289388405203032439e-01 2.126397409780228287e+00 -1.432202672694237400e+00 1.996007984031935960e-03
-6.065924885394510246e-01 2.086478897034713675e+00 -1.395946950840896150e+00 1.996007984031935960e-03
-6.594281836834483546e-01 2.075257276504750337e+00 -1.472557980990818027e+00 1.996007984031935960e-03
-6.859530627973301486e-01 2.064344582767516645e+00 -1.445095789916581941e+00 1.996007984031935960e-03
-8.347730450746638775e-01 2.056153181875855385e+00 -1.395147771248850921e+00 1.996007984031935960e-03
-6.065629976859860939e-01 2.086404115755090327e+00 -1.398413426384878422e+00 1.996007984031935960e-03
-5.107836980763207357e-01 2.048308341948787969e+00 -1.510486359655090816e+00 1.996007984031935960e-03
-8.070354019751431185e-01 2.031887148694017764e+00 -1.284522209549489480e+00 1.996007984031935960e-03
-6.152219411079798972e-01 2.128400793193266249e+00 -1.469788420284293462e+00 1.996007984031935960e-03
-6.791379919282193312e-01 2.096271000154462882e+00 -1.309843930184956706e+00 1.996007984031935960e-03
-6.099197691171853730e-01 2.062237348376465551e+00 -1.442046052089821728e+00 1.996007984031935960e-03
-6.844472031850288296e-01 2.094284803437275411e+00 -1.371414901684643972e+00 1.996007984031935960e-03
-7.864948897773970105e-01 2.000955259918787643e+00 -1.392527081428429625e+00 1.996007984031935960e-03
-6.185797443974208054e-01 2.082188357884660945e+00 -1.399507254096421960e+00 1.996007984031935960e-03
-7.831945205304752244e-01 1.992889757762372316e+00 -1.393218513577272999e+00 1.996007984031935960e-03
-7.717770179085325921e-01 1.990181427903990441e+00 -1.278667274265840481e+00 1.996007984031935960e-03
-6.319203617939062045e-01 2.053446397035083582e+00 -1.445292274517940623e+00 1.996007984031935960e-03
-6.300004309807379910e-01 2.151353931120269181e+00 -1.386732602950725202e+00 1.996007984031935960e-03
-8.844549595455456492e-01 2.075754137938984112e+00 -1.371068984443486682e+00 1.996007984031935960e-03
-5.982099471956694448e-01 2.051931732674419084e+00 -1.484016812193406087e+00 1.996007984031935960e-03
-6.527701446173146405e-01 2.074337032953095683e+00 -1.408029993182745798e+00 1.996007984031935960e-03
-6.425881658853614953e-01 1.999082380676414417e+00 -1.407259695366521957e+00 1.996007984031935960e-03
-6.060718174213641785e-01 2.073970467582291199e+00 -1.299522242630678504e+00 1.996007984031935960e-03
-6.831869120903979464e-01 2.059753758314514904e+00 -1.385901524065372037e+00 1.996007984031935960e-03
-5.853032048695341327e-01 2.037132204988392647e+00 -1.378597398206815816e+00 1.996007984031935960e-03
-7.808701064131914338e-01 2.041996616795100028e+00 -1.436202342398504639e+00 1.996007984031935960e-03
-6.873686935598983805e-01 2.000004699520481655e+00 -1.428298034218857593e+00 1.996007984031935960e-03
-5.282193121153377913e-01 2.025975829646063708e+00 -1.374533513263566986e+00 1.996007984031935960e-03
-6.745508712499111992e-01 2.131221247186576129e+00 -1.380082486985218626e+00 1.996007984031935960e-03
-7.400829730522400229e-01 2.065619234982276620e+00 -1.424141913421534733e+00 1.996007984031935960e-03
-7.740281857246695818e-01 2.016962708372374458e+00 -1.323943889255456696e+00 1.996007984031935960e-03
-1.012984952798677396e+00 2.030332862967746177e+00 -1.222324044291765111e+00 1.996007984031935960e-03
-6.289388405203032439e-01 2.126397409780228287e+00 -1.432202672694237400e+00 1.996007984031935960e-03
-8.236377662610954165e-01 2.043205205720814988e+00 -1.283788934293941031e+00 1.996007984031935960e-03
-5.616725480802510218e-01 2.033362421103763307e+00 -1.300928831748152881e+00 1.996007984031935960e-03
-8.070354019751431185e-01 2.031887148694017764e+00 -1.284522209549489480e+00 1.996007984031935960e-03
-8.200422318744866601e-01 2.045713414210593051e+00 -1.374424377846280798e+00 1.996007984031935960e-03
-6.099197691171853730e-01 2.062237348376465551e+00 -1.442046052089821728e+00 1.996007984031935960e-03
-6.103461474298064182e-01 2.113214133348702894e+00 -1.431392846293580101e+00 1.996007984031935960e-03
-7.516212722400574808e-01 1.973056345553993340e+00 -1.370485516379063906e+00 1.996007984031935960e-03
-5.200489997410189247e-01 2.083072841733089042e+00 -1.464387830797992729e+00 1.996007984031935960e-03
-6.844472031850288296e-01 2.094284803437275411e+00 -1.371414901684643972e+00 1.996007984031935960e-03
-5.925769813607887349e-01 2.051482851658986029e+00 -1.385927829214887774e+00 1.996007984031935960e-03
-8.272208138668188937e-01 2.070032403239898233e+00 -1.287772553712350110e+00 1.996007984031935960e-03
-6.319203617939062045e-01 2.053446397035083582e+00 -1.445292274517940623e+00 1.996007984031935960e-03
-6.185797443974208054e-01 2.082188357884660945e+00 -1.399507254096421960e+00 1.996007984031935960e-03
-4.492445517362958496e-01 2.064491179265492082e+00 -1.482919977397040512e+00 1.996007984031935960e-03
-6.862880195943347195e-01 2.077164339639130386e+00 -1.368048982375072553e+00 1.996007984031935960e-03
-7.418845966267395564e-01 2.074735065486680519e+00 -1.297681420800815388e+00 1.996007984031935960e-03
-6.431254831487219770e-01 2.118807323112192442e+00 -1.372595693074690759e+00 1.996007984031935960e-03
-5.859181644084026086e-01 2.038596659638197917e+00 -1.381182909588500873e+00 1.996007984031935960e-03
-6.870514160448151220e-01 2.067559543972352643e+00 -1.449013261701772581e+00 1.996007984031935960e-03
-6.261742640249783332e-01 2.053501775654549277e+00 -1.400927767526945811e+00 1.996007984031935960e-03
-5.868923263986610683e-01 2.162016172368006917e+00 -1.372694911411587837e+00 1.996007984031935960e-03
-7.864743177713955369e-01 2.000877018229007653e+00 -1.352658714499130888e+00 1.996007984031935960e-03
-6.153806265036031453e-01 2.040002299183258483e+00 -1.388057149609161378e+00 1.996007984031935960e-03
-5.964715429272127167e-01 2.038884367281987853e+00 -1.425144406749498716e+00 1.996007984031935960e-03
-8.051600177759196120e-01 2.031476027364937487e+00 -1.294937921811106785e+00 1.996007984031935960e-03
-5.856923408111006646e-01 2.159198660837998496e+00 -1.370561942061540917e+00 1.996007984031935960e-03
-5.971318804157843552e-01 2.093403564947402096e+00 -1.445522079930903203e+00 1.996007984031935960e-03
-6.133261502946661947e-01 2.068346077713048015e+00 -1.434824489158253114e+00 1.996007984031935960e-03
-6.498417259068978158e-01 2.022058093104243337e+00 -1.453547941003074717e+00 1.996007984031935960e-03
-6.870514160448151220e-01 2.067559543972352643e+00 -1.449013261701772581e+00 1.996007984031935960e-03
-6.777548295101331055e-01 2.138840113277752142e+00 -1.381161962892980100e+00 1.996007984031935960e-03
-6.708811603317834660e-01 2.058361838669322097e+00 -1.469187975886449671e+00 1.996007984031935960e-03
-7.204122806713977312e-01 2.066410803601184565e+00 -1.353624807356602622e+00 1.996007984031935960e-03
-5.683658992636744234e-01 2.118697341629999009e+00 -1.401979933222783803e+00 1.996007984031935960e-03
-6.055065104620281913e-01 2.040445876044025386e+00 -1.401826044010115124e+00 1.996007984031935960e-03
-7.954171726311161095e-01 2.017598598681416444e+00 -1.367582387590956294e+00 1.996007984031935960e-03
-7.705339016043549760e-01 1.940847038269476688e+00 -1.371770053790065225e+00 1.996007984031935960e-03
-6.703297327235812064e-01 2.056618944534504667e+00 -1.461655889229844574e+00 1.996007984031935960e-03
-7.834596850863150275e-01 2.076905061734560576e+00 -1.403240703033556080e+00 1.996007984031935960e-03
-7.802884816088768716e-01 2.048411791663296899e+00 -1.399308600774296307e+00 1.996007984031935960e-03
-5.596869039882705898e-01 2.100589970883561364e+00 -1.451374376625979679e+00 1.996007984031935960e-03
-6.670168120300473680e-01 2.050957656307308419e+00 -1.357075366743630163e+00 1.996007984031935960e-03
-6.618485423974359572e-01 2.078314829559747778e+00 -1.443806745514176315e+00 1.996007984031935960e-03
-6.618485423974359572e-01 2.078314829559747778e+00 -1.443806745514176315e+00 1.996007984031935960e-03
-8.076032505438601738e-01 2.010363841393500550e+00 -1.387957558163437355e+00 1.996007984031935960e-03
-8.207106874165946975e-01 2.043786182070982171e+00 -1.367990486989618004e+00 1.996007984031935960e-03
-6.103461474298064182e-01 2.113214133348702894e+00 -1.431392846293580101e+00 1.996007984031935960e-03
-8.288042142529491452e-01 2.052550514674282400e+00 -1.387433604070757331e+00 1.996007984031935960e-03
-6.153806265036031453e-01 2.040002299183258483e+00 -1.388057149609161378e+00 1.996007984031935960e-03
-8.132164959446205321e-01 2.124039746472274448e+00 -1.351172311032643458e+00 1.996007984031935960e-03
-7.721378994678527175e-01 1.990839270976833220e+00 -1.272170398352898024e+00 1.996007984031935960e-03
-5.627380870995486450e-01 2.090371138487252534e+00 -1.405071865642173679e+00 1.996007984031935960e-03
-6.065924885394510246e-01 2.086478897034713675e+00 -1.395946950840896150e+00 1.996007984031935960e-03
-7.516212722400574808e-01 1.973056345553993340e+00 -1.370485516379063906e+00 1.996007984031935960e-03
-7.435357378241254089e-01 2.077937464982082982e+00 -1.295651857900862680e+00 1.996007984031935960e-03
-7.802975837197697606e-01 2.011569827521553666e+00 -1.299347976055367004e+00 1.996007984031935960e-03
-6.443031389928743913e-01 2.056304385800297840e+00 -1.337476746652916715e+00 1.996007984031935960e-03
-6.917281205138490208e-01 2.113098631699767971e+00 -1.424433975174751010e+00 1.996007984031935960e-03
-5.301580332951076890e-01 2.110399047721391419e+00 -1.505713389780152900e+00 1.996007984031935960e-03
-6.368688081447355653e-01 2.067725343009671590e+00 -1.332019617294463831e+00 1.996007984031935960e-03
-7.711998002302569155e-01 2.003536818269656905e+00 -1.316955709361078197e+00 1.996007984031935960e-03
-5.876355092438700911e-01 2.019802585329325328e+00 -1.430891440584663998e+00 1.996007984031935960e-03
-6.378019616908640055e-01 2.065853728512557996e+00 -1.435734683668696166e+00 1.996007984031935960e-03
-5.076449878408281213e-01 2.114228606481909356e+00 -1.456096871623846045e+00 1.996007984031935960e-03
-7.800644566298429172e-01 2.047838393257302769e+00 -1.402632533293161510e+00 1.996007984031935960e-03
-7.352716999239994333e-01 2.048391762724011134e+00 -1.404520202342914637e+00 1.996007984031935960e-03
-6.103461474298064182e-01 2.113214133348702894e+00 -1.431392846293580101e+00 1.996007984031935960e-03
-7.705339016043549760e-01 1.940847038269476688e+00 -1.371770053790065225e+00 1.996007984031935960e-03
-8.844549595455456492e-01 2.075754137938984112e+00 -1.371068984443486682e+00 1.996007984031935960e-03
-7.875388577608856133e-01 2.003845877341730919e+00 -1.391831406345291011e+00 1.996007984031935960e-03
-8.236377662610954165e-01 2.043205205720814988e+00 -1.283788934293941031e+00 1.996007984031935960e-03
-6.072635256100420431e-01 2.017953905217195754e+00 -1.517399167823429984e+00 1.996007984031935960e-03
-6.007262734723750608e-01 2.082797755747266333e+00 -1.369898341241174711e+00 1.996007984031935960e-03
-5.551882613749571371e-01 2.100597451023443085e+00 -1.442709586740003047e+00 1.996007984031935960e-03
-6.147738275057498258e-01 2.114724557283695905e+00 -1.452584619298590285e+00 1.996007984031935960e-03
-5.201162937315357837e-01 2.095069212646686108e+00 -1.493808471338877064e+00 1.996007984031935960e-03
-5.282193121153377913e-01 2.025975829646063708e+00 -1.374533513263566986e+00 1.996007984031935960e-03
-7.329574106689717983e-01 2.021843929085434421e+00 -1.349137636650682870e+00 1.996007984031935960e-03
-5.998195950610482052e-01 2.057361280602711062e+00 -1.487414741256677386e+00 1.996007984031935960e-03
-5.655493747299018548e-01 2.070327268641200646e+00 -1.398134461076457669e+00 1.996007984031935960e-03
-6.356552577883580746e-01 2.039740758197660320e+00 -1.398775550016018610e+00 1.996007984031935960e-03
-5.280692742811259333e-01 2.109518547340030636e+00 -1.499825583815473928e+00 1.996007984031935960e-03
-5.683700192809396645e-01 2.137001018611788705e+00 -1.466801106596890003e+00 1.996007984031935960e-03
-7.285038244932670048e-01 2.078945882646421328e+00 -1.378702403807375410e+00 1.996007984031935960e-03
-8.085503046586945963e-01 1.993056474947567880e+00 -1.350006611362881026e+00 1.996007984031935960e-03
-6.425881658853614953e-01 1.999082380676414417e+00 -1.407259695366521957e+00 1.996007984031935960e-03
-6.193671950966325168e-01 2.093199833495235307e+00 -1.459690399656245141e+00 1.996007984031935960e-03
-6.121074320968477034e-01 2.104296205645059370e+00 -1.410612623963688250e+00 1.996007984031935960e-03
-6.515402980166414837e-01 2.027152123972316033e+00 -1.452389355683476380e+00 1.996007984031935960e-03
-6.987409317087658334e-01 2.070435890515130328e+00 -1.315979794212331688e+00 1.996007984031935960e-03
-6.914544261990238638e-01 2.071409273124105166e+00 -1.270046181288892795e+00 1.996007984031935960e-03
-5.190774734159940840e-01 2.080012351388955683e+00 -1.472297010667474870e+00 1.996007984031935960e-03
-5.364349252838238602e-01 1.984071736608307601e+00 -1.470521526817342162e+00 1.996007984031935960e-03
-6.515402980166414837e-01 2.027152123972316033e+00 -1.452389355683476380e+00 1.996007984031935960e-03
-5.135703560216458019e-01 2.062083424396618181e+00 -1.443557288178178410e+00 1.996007984031935960e-03
-8.200422318744866601e-01 2.045713414210593051e+00 -1.374424377846280798e+00 1.996007984031935960e-03
-7.137472376842490807e-01 2.056054314462962385e+00 -1.358066631600770346e+00 1.996007984031935960e-03
-7.149016540730711577e-01 2.057966496287515046e+00 -1.425596288933281164e+00 1.996007984031935960e-03
-7.717770179085325921e-01 1.990181427903990441e+00 -1.278667274265840481e+00 1.996007984031935960e-03
-4.541125948034394066e-01 2.101284827452302384e+00 -1.539495503476281391e+00 1.996007984031935960e-03
-6.577319593837086531e-01 2.056665653903901436e+00 -1.446270468990041635e+00 1.996007984031935960e-03
-6.827873545561762292e-01 2.081004632209624283e+00 -1.406890473126267027e+00 1.996007984031935960e-03
-5.773944328117603941e-01 2.162980558433653222e+00 -1.416790300813395742e+00 1.996007984031935960e-03
-5.859732520434913772e-01 2.037408032435133354e+00 -1.363343192054861319e+00 1.996007984031935960e-03
-5.432389257852179298e-01 2.096734152511095406e+00 -1.428048020081699176e+00 1.996007984031935960e-03
-6.708811603317834660e-01 2.058361838669322097e+00 -1.469187975886449671e+00 1.996007984031935960e-03
-5.903080695803238909e-01 2.027359371161641555e+00 -1.435514078515213399e+00 1.996007984031935960e-03
-5.174213433752807845e-01 2.063201957422159172e+00 -1.416096077428344202e+00 1.996007984031935960e-03
-6.060818328133893429e-01 2.053957461864554190e+00 -1.443849005690789333e+00 1.996007984031935960e-03
-5.107836980763207357e-01 2.048308341948787969e+00 -1.510486359655090816e+00 1.996007984031935960e-03
-6.630644538712288094e-01 2.046348411150430202e+00 -1.346532763590127635e+00 1.996007984031935960e-03
-5.107836980763207357e-01 2.048308341948787969e+00 -1.510486359655090816e+00 1.996007984031935960e-03
-5.804555068712082821e-01 2.166910547495694672e+00 -1.423456627494433135e+00 1.996007984031935960e-03
-6.827873545561762292e-01 2.081004632209624283e+00 -1.406890473126267027e+00 1.996007984031935960e-03
-5.200489997410189247e-01 2.083072841733089042e+00 -1.464387830797992729e+00 1.996007984031935960e-03
-5.702620693049722522e-01 2.049198039040352359e+00 -1.480307508426037977e+00 1.996007984031935960e-03
-6.409219750640473556e-01 2.113606730062724814e+00 -1.377672629428362994e+00 1.996007984031935960e-03
-9.008948205557156808e-01 1.952029922488265568e+00 -1.311977358739599753e+00 1.996007984031935960e-03
-9.073928164653778383e-01 2.056653094691709871e+00 -1.333340030450649749e+00 1.996007984031935960e-03
-4.541125948034394066e-01 2.101284827452302384e+00 -1.539495503476281391e+00 1.996007984031935960e-03
-6.222625939567993925e-01 2.074668673972706046e+00 -1.360846194789034014e+00 1.996007984031935960e-03
-7.654298192324916483e-01 2.103206796746054152e+00 -1.355208884355295851e+00 1.996007984031935960e-03
-5.938520151510302547e-01 2.125415764036637789e+00 -1.374802857396012712e+00 1.996007984031935960e-03
-6.380455260351166613e-01 2.003176071604556352e+00 -1.372753399357607540e+00 1.996007984031935960e-03
-6.871529621992548131e-01 2.065928837214879632e+00 -1.449154724797309113e+00 1.996007984031935960e-03
-6.007262734723750608e-01 2.082797755747266333e+00 -1.369898341241174711e+00 1.996007984031935960e-03
-1.013380081587826886e+00 2.030970435257367424e+00 -1.221152422967060280e+00 1.996007984031935960e-03
-7.123471648593389105e-01 2.054108563152611477e+00 -1.412225240519126679e+00 1.996007984031935960e-03
-7.021196500378507066e-01 2.088452789639650753e+00 -1.409044582891715525e+00 1.996007984031935960e-03
-6.084128387375290492e-01 2.078764969093659154e+00 -1.305741699593353733e+00 1.996007984031935960e-03
-6.294408904621316969e-01 2.029651465672312582e+00 -1.407753747141809342e+00 1.996007984031935960e-03
-6.060818328133893429e-01 2.053957461864554190e+00 -1.443849005690789333e+00 1.996007984031935960e-03
-5.387160393766639022e-01 1.991269702944471698e+00 -1.473226924435483864e+00 1.996007984031935960e-03
-6.356552577883580746e-01 2.039740758197660320e+00 -1.398775550016018610e+00 1.996007984031935960e-03
-6.844472031850288296e-01 2.094284803437275411e+00 -1.371414901684643972e+00 1.996007984031935960e-03
-7.836492481681035516e-01 1.995576908351512246e+00 -1.340221723945851373e+00 1.996007984031935960e-03
-7.963150279174847634e-01 2.019697035908071481e+00 -1.365473533682552754e+00 1.996007984031935960e-03
-8.076032505438601738e-01 2.010363841393500550e+00 -1.387957558163437355e+00 1.996007984031935960e-03
-7.111827704249230608e-01 2.096728697556526910e+00 -1.347692743615944044e+00 1.996007984031935960e-03
-7.800644566298429172e-01 2.047838393257302769e+00 -1.402632533293161510e+00 1.996007984031935960e-03
-5.773944328117603941e-01 2.162980558433653222e+00 -1.416790300813395742e+00 1.996007984031935960e-03
-5.929376741161324071e-01 2.074836390679631215e+00 -1.441936980684504155e+00 1.996007984031935960e-03
-8.085503046586945963e-01 1.993056474947567880e+00 -1.350006611362881026e+00 1.996007984031935960e-03
-7.492352367022889759e-01 2.022221327474785113e+00 -1.357211229528628937e+00 1.996007984031935960e-03
-6.386561914704438347e-01 2.004595585327791696e+00 -1.370056789096078198e+00 1.996007984031935960e-03
-5.637083703168556115e-01 2.113122900879845112e+00 -1.373792619899024015e+00 1.996007984031935960e-03
-5.279845942373937451e-01 2.131771024937086256e+00 -1.416407088442977802e+00 1.996007984031935960e-03
-6.261742640249783332e-01 2.053501775654549277e+00 -1.400927767526945811e+00 1.996007984031935960e-03
-5.122249680860671006e-01 2.053769017867822733e+00 -1.518600070586306527e+00 1.996007984031935960e-03
-5.701131773702868832e-01 2.050211308150203138e+00 -1.355933866660167020e+00 1.996007984031935960e-03
-8.135640367067481504e-01 2.005145251168178433e+00 -1.342118113861197726e+00 1.996007984031935960e-03
-5.239363977884962109e-01 2.096470198991815970e+00 -1.501523115071669912e+00 1.996007984031935960e-03
-7.104224429845408251e-01 2.091879124488773556e+00 -1.359011096660921014e+00 1.996007984031935960e-03
-6.279112862367359771e-01 2.057223053491562315e+00 -1.410239797445291821e+00 1.996007984031935960e-03
-5.930338709930393915e-01 2.075112329206834971e+00 -1.443149639565474596e+00 1.996007984031935960e-03
-6.409219750640473556e-01 2.113606730062724814e+00 -1.377672629428362994e+00 1.996007984031935960e-03
-7.888895830257935948e-01 1.994748373760197646e+00 -1.352651000313380925e+00 1.996007984031935960e-03
-5.712756473736299023e-01 2.126161462503001420e+00 -1.402658973986849800e+00 1.996007984031935960e-03
-5.596869039882705898e-01 2.100589970883561364e+00 -1.451374376625979679e+00 1.996007984031935960e-03
-5.702236276998891018e-01 2.142981909811952246e+00 -1.472423911654111794e+00 1.996007984031935960e-03
-5.948114110593337722e-01 2.127652639363390996e+00 -1.369493723931645590e+00 1.996007984031935960e-03
-5.998195950610482052e-01 2.057361280602711062e+00 -1.487414741256677386e+00 1.996007984031935960e-03
-9.232764496140546395e-01 2.057741274330764369e+00 -1.379613086484456907e+00 1.996007984031935960e-03
-7.435357378241254089e-01 2.077937464982082982e+00 -1.295651857900862680e+00 1.996007984031935960e-03
-5.551882613749571371e-01 2.100597451023443085e+00 -1.442709586740003047e+00 1.996007984031935960e-03
-6.055065104620281913e-01 2.040445876044025386e+00 -1.401826044010115124e+00 1.996007984031935960e-03
-7.548904449668408789e-01 2.031417215168608070e+00 -1.346416704002535436e+00 1.996007984031935960e-03
-6.386561914704438347e-01 2.004595585327791696e+00 -1.370056789096078198e+00 1.996007984031935960e-03
-5.938520151510302547e-01 2.125415764036637789e+00 -1.374802857396012712e+00 1.996007984031935960e-03
-6.192859205901932729e-01 2.034747004859485564e+00 -1.566948197429528733e+00 1.996007984031935960e-03
-6.807856177372098028e-01 2.075800569751638402e+00 -1.403167801490614153e+00 1.996007984031935960e-03
-8.888228886150018049e-01 1.961616385769965110e+00 -1.305825596073568517e+00 1.996007984031935960e-03
-6.580079310405063664e-01 2.066441937357841319e+00 -1.374654541750485626e+00 1.996007984031935960e-03
-4.566131437973642293e-01 2.108007044367697258e+00 -1.547958573425842310e+00 1.996007984031935960e-03
-5.271672989347293559e-01 2.125828546949226627e+00 -1.560842560814568847e+00 1.996007984031935960e-03
-7.918056255561526369e-01 2.036334174194744051e+00 -1.264172210618272896e+00 1.996007984031935960e-03
-6.173977975766762327e-01 2.122673348520967007e+00 -1.462186037539395800e+00 1.996007984031935960e-03
-8.247158466444011182e-01 2.082591967257816812e+00 -1.277682576791488556e+00 1.996007984031935960e-03
-7.783316301576334029e-01 2.007802888241277728e+00 -1.295169209851596115e+00 1.996007984031935960e-03
-5.641987540004925750e-01 2.023154505114992396e+00 -1.410944835173364220e+00 1.996007984031935960e-03
-8.082305243781158222e-01 2.112272062555563767e+00 -1.393449704262427424e+00 1.996007984031935960e-03
-8.199223738251427696e-01 2.033741483884514700e+00 -1.358588159342967394e+00 1.996007984031935960e-03
-6.060818328133893429e-01 2.053957461864554190e+00 -1.443849005690789333e+00 1.996007984031935960e-03
-6.755503384604825134e-01 2.089010422718815985e+00 -1.316606069348507324e+00 1.996007984031935960e-03
-7.856469168859987473e-01 2.099726356713516040e+00 -1.404868494839243587e+00 1.996007984031935960e-03
-6.665582314408531328e-01 2.052703125869367096e+00 -1.419730095046236817e+00 1.996007984031935960e-03
-6.118598211383690089e-01 2.051307858029588260e+00 -1.395469695696029522e+00 1.996007984031935960e-03
-7.963150279174847634e-01 2.019697035908071481e+00 -1.365473533682552754e+00 1.996007984031935960e-03
-7.808701064131914338e-01 2.041996616795100028e+00 -1.436202342398504639e+00 1.996007984031935960e-03
-6.580079310405063664e-01 2.066441937357841319e+00 -1.374654541750485626e+00 1.996007984031935960e-03
-5.856923408111006646e-01 2.159198660837998496e+00 -1.370561942061540917e+00 1.996007984031935960e-03
-4.566131437973642293e-01 2.108007044367697258e+00 -1.547958573425842310e+00 1.996007984031935960e-03
-5.773944328117603941e-01 2.162980558433653222e+00 -1.416790300813395742e+00 1.996007984031935960e-03
-5.706488498245166907e-01 2.144353937859373449e+00 -1.472839804419500132e+00 1.996007984031935960e-03
-5.929376741161324071e-01 2.074836390679631215e+00 -1.441936980684504155e+00 1.996007984031935960e-03
-5.723367519728693731e-01 2.055234885055086114e+00 -1.349198243943586561e+00 1.996007984031935960e-03
-6.015373186149745033e-01 2.063155390190208216e+00 -1.488126273929552212e+00 1.996007984031935960e-03
-7.623205792621876586e-01 1.987422635990539588e+00 -1.299929925975467304e+00 1.996007984031935960e-03
-7.865731887395391864e-01 2.102092586847543298e+00 -1.406429159447212696e+00 1.996007984031935960e-03
-5.929376741161324071e-01 2.074836390679631215e+00 -1.441936980684504155e+00 1.996007984031935960e-03
-6.222625939567993925e-01 2.074668673972706046e+00 -1.360846194789034014e+00 1.996007984031935960e-03
-7.899670033240305811e-01 2.033623804516516920e+00 -1.262441340133411138e+00 1.996007984031935960e-03
-8.975664890811815289e-01 1.945772342329685767e+00 -1.299049647200408053e+00 1.996007984031935960e-03
-6.181057641564069449e-01 2.089381471384837763e+00 -1.455545995739070841e+00 1.996007984031935960e-03
-5.462351141805525945e-01 2.020187874137557849e+00 -1.394632355586459482e+00 1.996007984031935960e-03
-7.831945205304752244e-01 1.992889757762372316e+00 -1.393218513577272999e+00 1.996007984031935960e-03
-5.948114110593337722e-01 2.127652639363390996e+00 -1.369493723931645590e+00 1.996007984031935960e-03
-6.609346023071133169e-01 2.106290662811024283e+00 -1.367250876153297323e+00 1.996007984031935960e-03
