-5.926435076407117197e-01 1.653961674057181197e+00 5.027824161721605734e-01 1.996007984031935960e-03
-6.561559961151663956e-01 1.537284905393713430e+00 4.263507347137352466e-01 1.996007984031935960e-03
-8.029744249286744351e-01 1.510737393571260245e+00 6.042510651030453817e-01 1.996007984031935960e-03
-6.575407953131124916e-01 1.528774297944680782e+00 4.540383360048185768e-01 1.996007984031935960e-03
-6.843268581198359568e-01 1.680503360326035089e+00 5.654377508514268902e-01 1.996007984031935960e-03
-6.476769887615937416e-01 1.688646195676393624e+00 4.771554437229629242e-01 1.996007984031935960e-03
-7.846189019056920566e-01 1.566658857732697419e+00 6.676154669067279057e-01 1.996007984031935960e-03
-8.078071626077140133e-01 1.574262332523164609e+00 6.756921881743624958e-01 1.996007984031935960e-03
-6.926234362655614429e-01 1.600224515144379911e+00 4.988797443867574177e-01 1.996007984031935960e-03
-7.113922369477262420e-01 1.672943170774619626e+00 6.355218781992629795e-01 1.996007984031935960e-03
-6.493136606553900902e-01 1.533796683178874298e+00 4.583308388514814036e-01 1.996007984031935960e-03
-6.875622717205965850e-01 1.723377408435705860e+00 5.182014547730184884e-01 1.996007984031935960e-03
-6.407470440167044590e-01 1.560721525971902057e+00 4.384731028597265712e-01 1.996007984031935960e-03
-7.042210801979298385e-01 1.657916794105092073e+00 5.684625956023522386e-01 1.996007984031935960e-03
-5.681694431832863268e-01 1.672238085855887624e+00 4.411562183948401494e-01 1.996007984031935960e-03
-7.737644898187372444e-01 1.540488160952324659e+00 6.366136757218470166e-01 1.996007984031935960e-03
-5.825241043907920524e-01 1.692259587442159319e+00 4.967292868023447383e-01 1.996007984031935960e-03
-6.408990043929762015e-01 1.596442341302813261e+00 5.649804173844562571e-01 1.996007984031935960e-03
-6.141441555101374572e-01 1.650205489288458116e+00 4.828589604144569170e-01 1.996007984031935960e-03
-5.798258004437348845e-01 1.575654986477386554e+00 4.033292849854946405e-01 1.996007984031935960e-03
-6.956074933941981397e-01 1.606941020460121106e+00 5.509216324124348585e-01 1.996007984031935960e-03
-6.626531716437138453e-01 1.599447395375858116e+00 5.148004358497489941e-01 1.996007984031935960e-03
-5.770325820387809390e-01 1.671755574308354308e+00 4.469710820570499399e-01 1.996007984031935960e-03
-6.907502817696922204e-01 1.493657595505627489e+00 5.686108104586261591e-01 1.996007984031935960e-03
-6.019720647039878969e-01 1.718726590732026827e+00 4.743072999864644257e-01 1.996007984031935960e-03
-8.080817815751704103e-01 1.509874287230494661e+00 6.152956207569506564e-01 1.996007984031935960e-03
-5.646173258527471539e-01 1.668156172588222352e+00 4.471711644499420379e-01 1.996007984031935960e-03
-6.499542087052706529e-01 1.694003500684248653e+00 4.882983159462330747e-01 1.996007984031935960e-03
-7.075177342703892203e-01 1.744045875017368852e+00 4.986505297843787932e-01 1.996007984031935960e-03
-6.084614390480855839e-01 1.704704619258932574e+00 4.813895028102256890e-01 1.996007984031935960e-03
-5.719410459405862568e-01 1.620826421582113319e+00 4.583833135264227532e-01 1.996007984031935960e-03
-7.846189019056920566e-01 1.566658857732697419e+00 6.676154669067279057e-01 1.996007984031935960e-03
-6.721641741900439282e-01 1.575936941039254080e+00 4.809371116722835349e-01 1.996007984031935960e-03
-6.839209087013887745e-01 1.564369926813593770e+00 4.826471349125069366e-01 1.996007984031935960e-03
-4.463055466624485934e-01 1.676565324729028417e+00 4.666084534124694816e-01 1.996007984031935960e-03
-5.996248918831432739e-01 1.650219124471463461e+00 4.923046651073977875e-01 1.996007984031935960e-03
-6.469892091354603192e-01 1.653582053123584306e+00 4.884791037965339200e-01 1.996007984031935960e-03
-6.221958459000962449e-01 1.711651266342881117e+00 4.825138518980500169e-01 1.996007984031935960e-03
-7.778978739673670928e-01 1.523266862146976930e+00 6.464496009389228970e-01 1.996007984031935960e-03
-8.188899293107468891e-01 1.668677086648472807e+00 6.758837215738581206e-01 1.996007984031935960e-03
-5.756006614854267678e-01 1.601931391685698092e+00 4.216239737513222119e-01 1.996007984031935960e-03
-5.246698013630389790e-01 1.636128116031216440e+00 4.505423431451633376e-01 1.996007984031935960e-03
-5.865838789636768080e-01 1.562909593624669080e+00 4.689281006679587582e-01 1.996007984031935960e-03
-6.403293075600071660e-01 1.559241087119266123e+00 4.394902506675193443e-01 1.996007984031935960e-03
-5.303572576718773579e-01 1.522035576968895354e+00 3.890967664649976343e-01 1.996007984031935960e-03
-5.696674053607166943e-01 1.690256198275523092e+00 4.733660731537319699e-01 1.996007984031935960e-03
-6.699204473434485774e-01 1.616961688055883917e+00 5.066683047470459389e-01 1.996007984031935960e-03
-6.469892091354603192e-01 1.653582053123584306e+00 4.884791037965339200e-01 1.996007984031935960e-03
-6.884286313412280034e-01 1.600858901216193342e+00 4.477350506631652682e-01 1.996007984031935960e-03
-6.699204473434485774e-01 1.616961688055883917e+00 5.066683047470459389e-01 1.996007984031935960e-03
-6.194622706786643285e-01 1.591695229810122125e+00 4.864178503358470573e-01 1.996007984031935960e-03
-5.853950072638055557e-01 1.631248368778603464e+00 3.642579964653958613e-01 1.996007984031935960e-03
-4.618187262868547194e-01 1.629852225513738873e+00 4.780814738901470462e-01 1.996007984031935960e-03
-7.473927919439586898e-01 1.659100088998858302e+00 5.614510682871846070e-01 1.996007984031935960e-03
-6.946668215161442284e-01 1.490813657712207529e+00 5.673884927588787042e-01 1.996007984031935960e-03
-6.152032994832667967e-01 1.674536980321803536e+00 4.594104640004934015e-01 1.996007984031935960e-03
-6.050660770907581032e-01 1.721969883057395734e+00 4.610087777598939618e-01 1.996007984031935960e-03
-5.980743605029441579e-01 1.720537972021261464e+00 4.626683849107120494e-01 1.996007984031935960e-03
-5.723477228084528079e-01 1.670774408798192834e+00 4.418432942993400503e-01 1.996007984031935960e-03
-8.005283108950096427e-01 1.559527327610456426e+00 6.409476215556511036e-01 1.996007984031935960e-03
-7.270344086056782507e-01 1.598356279492088028e+00 5.748857378772395110e-01 1.996007984031935960e-03
-6.388427325860518424e-01 1.618994430344931512e+00 5.364919038812669960e-01 1.996007984031935960e-03
-5.096773450971424646e-01 1.630040030619737790e+00 4.648373195620469356e-01 1.996007984031935960e-03
-6.735598432038931715e-01 1.517123078825476146e+00 5.178133074788267010e-01 1.996007984031935960e-03
-5.907000762571575914e-01 1.698646181509890773e+00 4.752319301159413922e-01 1.996007984031935960e-03
-5.646173258527471539e-01 1.668156172588222352e+00 4.471711644499420379e-01 1.996007984031935960e-03
-6.545538559340470242e-01 1.562353278857054883e+00 5.450914018981318776e-01 1.996007984031935960e-03
-5.706447042173719009e-01 1.665651110642305976e+00 4.551619074766522499e-01 1.996007984031935960e-03
-5.201895692813365280e-01 1.619044957516643901e+00 4.690468781933563314e-01 1.996007984031935960e-03
-6.406315862303693098e-01 1.616919707908574866e+00 5.796790078460807294e-01 1.996007984031935960e-03
-6.862372578919229138e-01 1.548166097066339342e+00 5.023362502649232342e-01 1.996007984031935960e-03
-5.738529789843034301e-01 1.605730092952873722e+00 4.179094207142720063e-01 1.996007984031935960e-03
-6.342760381222039001e-01 1.656113363096748170e+00 4.663017284171869226e-01 1.996007984031935960e-03
-6.992785553449480940e-01 1.577417866623837428e+00 5.272402876518693660e-01 1.996007984031935960e-03
-6.252605412703671206e-01 1.573068604743119714e+00 5.139823774287954894e-01 1.996007984031935960e-03
-7.323353474993643530e-01 1.587802499375765564e+00 5.557905488489902623e-01 1.996007984031935960e-03
-6.197296528074590638e-01 1.576584488909021031e+00 5.236513145637491373e-01 1.996007984031935960e-03
-8.087591336071142667e-01 1.574353195621244650e+00 6.716033787860994364e-01 1.996007984031935960e-03
-5.853214753152586880e-01 1.516602612196098265e+00 5.614447297387854530e-01 1.996007984031935960e-03
-6.300773168539949287e-01 1.568748274589574887e+00 4.482121514617178337e-01 1.996007984031935960e-03
-5.615343805638833841e-01 1.579590731157742844e+00 3.999672328429581536e-01 1.996007984031935960e-03
-5.559891774507080831e-01 1.684010522513282426e+00 4.186113581814500662e-01 1.996007984031935960e-03
-5.428939194313324723e-01 1.649439266923121927e+00 5.142914768583402019e-01 1.996007984031935960e-03
-7.473927919439586898e-01 1.659100088998858302e+00 5.614510682871846070e-01 1.996007984031935960e-03
-5.811879429710035128e-01 1.691899345815207401e+00 4.796946579038430247e-01 1.996007984031935960e-03
-5.829579928649362142e-01 1.630785558220805287e+00 4.247574338915786618e-01 1.996007984031935960e-03
-6.270229743145081525e-01 1.688048232607576082e+00 5.030654320594930562e-01 1.996007984031935960e-03
-6.272302790699354480e-01 1.674410176158910524e+00 5.252506853913261331e-01 1.996007984031935960e-03
-6.068294768967996689e-01 1.700422949540188133e+00 4.466295190487039046e-01 1.996007984031935960e-03
-6.212868880109169156e-01 1.626987657868567805e+00 5.506592486429893185e-01 1.996007984031935960e-03
-4.201660074980467785e-01 1.677343277331706073e+00 4.900342741935677093e-01 1.996007984031935960e-03
-6.794224986155135149e-01 1.681746256198065392e+00 5.685914889600445221e-01 1.996007984031935960e-03
-6.657097620450008746e-01 1.538118860891174888e+00 4.567380270773385154e-01 1.996007984031935960e-03
-5.879097363533708487e-01 1.630427181001896431e+00 4.426771809049681594e-01 1.996007984031935960e-03
-5.622944560640923406e-01 1.701198730985193475e+00 5.045158716474953398e-01 1.996007984031935960e-03
-6.068852830645168339e-01 1.476315635885050659e+00 5.723589109203910397e-01 1.996007984031935960e-03
-6.105834607093116873e-01 1.615077538091351572e+00 4.217773917643347081e-01 1.996007984031935960e-03
-8.392462399839291098e-01 1.651828556843707219e+00 6.682462288010968532e-01 1.996007984031935960e-03
-6.613311992275373585e-01 1.537548373469661334e+00 4.289820826375658203e-01 1.996007984031935960e-03
-6.495579125336711224e-01 1.670464291632135057e+00 5.426454533650647560e-01 1.996007984031935960e-03
-5.859101528447743235e-01 1.701736607118392364e+00 4.753096529900697753e-01 1.996007984031935960e-03
-6.450966390102120807e-01 1.545905537956778542e+00 4.151694679782375053e-01 1.996007984031935960e-03
-6.422216571180238143e-01 1.657278945919667512e+00 4.809133480670052530e-01 1.996007984031935960e-03
-5.722691954734984154e-01 1.605085587545207693e+00 4.106420632023240480e-01 1.996007984031935960e-03
-5.751087767330429479e-01 1.693990855324682521e+00 4.822220179068821833e-01 1.996007984031935960e-03
-7.836715514747345512e-01 1.576951649590159210e+00 6.782893133785754536e-01 1.996007984031935960e-03
-7.333096082664729565e-01 1.466251706588644232e+00 6.297464708647764198e-01 1.996007984031935960e-03
-6.594889690121723547e-01 1.622336660633437289e+00 5.752465103855082251e-01 1.996007984031935960e-03
-4.370477731320315806e-01 1.685455264528001429e+00 4.766750903736819422e-01 1.996007984031935960e-03
-6.211259189968396655e-01 1.691466227118938903e+00 5.014913765508387522e-01 1.996007984031935960e-03
-8.148033885758581008e-01 1.557733872997680402e+00 6.792598957542324012e-01 1.996007984031935960e-03
-8.005283108950096427e-01 1.559527327610456426e+00 6.409476215556511036e-01 1.996007984031935960e-03
-7.937083600818544138e-01 1.557719613934514635e+00 6.276565402187567200e-01 1.996007984031935960e-03
-6.967550879655824980e-01 1.600565607273786828e+00 4.519406311674558085e-01 1.996007984031935960e-03
-5.650636174269261236e-01 1.666721082235725460e+00 4.350160414089996874e-01 1.996007984031935960e-03
-6.447887988101708157e-01 1.632259813821944183e+00 4.733270750343848698e-01 1.996007984031935960e-03
-7.284451286253792457e-01 1.624465442976795515e+00 5.304405339508549977e-01 1.996007984031935960e-03
-6.211259189968396655e-01 1.691466227118938903e+00 5.014913765508387522e-01 1.996007984031935960e-03
-5.976938533002100762e-01 1.734728283843838925e+00 4.809621817408176736e-01 1.996007984031935960e-03
-8.347058464216337015e-01 1.658074657870193924e+00 6.852295104622940780e-01 1.996007984031935960e-03
-5.811879429710035128e-01 1.691899345815207401e+00 4.796946579038430247e-01 1.996007984031935960e-03
-6.729214635724836135e-01 1.678547791143223389e+00 4.967248077864961919e-01 1.996007984031935960e-03
-6.595333193108656733e-01 1.558613085949846155e+00 6.003983514083022222e-01 1.996007984031935960e-03
-5.766924614134627536e-01 1.638235613553152170e+00 3.906229661578768386e-01 1.996007984031935960e-03
-4.349677453309774844e-01 1.739172711913248515e+00 4.975029886069101126e-01 1.996007984031935960e-03
-7.072708428796902203e-01 1.628751439420944136e+00 5.730285748518901823e-01 1.996007984031935960e-03
-7.937083600818544138e-01 1.557719613934514635e+00 6.276565402187567200e-01 1.996007984031935960e-03
-5.639384041360745448e-01 1.582296293770169004e+00 4.131578204792777931e-01 1.996007984031935960e-03
-5.696674053607166943e-01 1.690256198275523092e+00 4.733660731537319699e-01 1.996007984031935960e-03
-8.012888207361512638e-01 1.557957627365689435e+00 6.453333649248830239e-01 1.996007984031935960e-03
-7.160153928304000548e-01 1.615687406702672524e+00 5.282362283401159653e-01 1.996007984031935960e-03
-6.824967147026461678e-01 1.626890253280185661e+00 5.552635030349578615e-01 1.996007984031935960e-03
-6.721890804588814827e-01 1.648631954443574799e+00 5.477747300748092574e-01 1.996007984031935960e-03
-6.422216571180238143e-01 1.657278945919667512e+00 4.809133480670052530e-01 1.996007984031935960e-03
-5.879097363533708487e-01 1.630427181001896431e+00 4.426771809049681594e-01 1.996007984031935960e-03
-7.937083600818544138e-01 1.557719613934514635e+00 6.276565402187567200e-01 1.996007984031935960e-03
-8.209163862208621598e-01 1.544572456930873194e+00 6.122952169212579898e-01 1.996007984031935960e-03
-6.019720647039878969e-01 1.718726590732026827e+00 4.743072999864644257e-01 1.996007984031935960e-03
-6.754533811908287610e-01 1.556709957370831843e+00 4.838521247334747755e-01 1.996007984031935960e-03
-7.072708428796902203e-01 1.628751439420944136e+00 5.730285748518901823e-01 1.996007984031935960e-03
-6.967550879655824980e-01 1.600565607273786828e+00 4.519406311674558085e-01 1.996007984031935960e-03
-6.083288720098030122e-01 1.602505533363630663e+00 5.083820436243796648e-01 1.996007984031935960e-03
-6.296452745969263187e-01 1.684919891177499407e+00 5.117753780299655331e-01 1.996007984031935960e-03
-5.860908430889770759e-01 1.688507046538579859e+00 5.744731611321315379e-01 1.996007984031935960e-03
-6.363788693831075038e-01 1.625482808164116166e+00 5.370289398630145872e-01 1.996007984031935960e-03
-6.323561899072869252e-01 1.613561230749466890e+00 5.550977937909165050e-01 1.996007984031935960e-03
-5.629786440789502633e-01 1.694310610700102915e+00 4.753168697266075271e-01 1.996007984031935960e-03
-6.552968650933033157e-01 1.532663600828144457e+00 4.696570368453639732e-01 1.996007984031935960e-03
-6.120002579439248747e-01 1.646772099047460136e+00 5.075027083545139428e-01 1.996007984031935960e-03
-6.117957326561132003e-01 1.712936745660394555e+00 4.685998713415610029e-01 1.996007984031935960e-03
-7.067829022945171236e-01 1.631662999378246992e+00 5.802197782315312580e-01 1.996007984031935960e-03
-6.730342241548089577e-01 1.585492926870520014e+00 4.498398724077979360e-01 1.996007984031935960e-03
-6.079941279879352845e-01 1.470905723121192388e+00 5.671227246808873135e-01 1.996007984031935960e-03
-6.740915885347247283e-01 1.516692051661370000e+00 5.280245795709789247e-01 1.996007984031935960e-03
-6.992785553449480940e-01 1.577417866623837428e+00 5.272402876518693660e-01 1.996007984031935960e-03
-6.086885903222287730e-01 1.702213101154174346e+00 4.986734548470015960e-01 1.996007984031935960e-03
-6.779308361034490638e-01 1.736569217159119827e+00 5.072452337595380056e-01 1.996007984031935960e-03
-6.194622706786643285e-01 1.591695229810122125e+00 4.864178503358470573e-01 1.996007984031935960e-03
-6.907502817696922204e-01 1.493657595505627489e+00 5.686108104586261591e-01 1.996007984031935960e-03
-6.735598432038931715e-01 1.517123078825476146e+00 5.178133074788267010e-01 1.996007984031935960e-03
-6.057569708621254323e-01 1.588604109413599863e+00 4.704712451473681556e-01 1.996007984031935960e-03
-6.137174916604551944e-01 1.577464022777515851e+00 3.862769649208088740e-01 1.996007984031935960e-03
-5.865838789636768080e-01 1.562909593624669080e+00 4.689281006679587582e-01 1.996007984031935960e-03
-6.971199016387407132e-01 1.749484155020688769e+00 5.014276963594499481e-01 1.996007984031935960e-03
-4.226562378534486908e-01 1.622439613045192797e+00 3.519803795271160829e-01 1.996007984031935960e-03
-8.209163862208621598e-01 1.544572456930873194e+00 6.122952169212579898e-01 1.996007984031935960e-03
-7.095361971623865838e-01 1.592537093780927115e+00 5.247387655571202902e-01 1.996007984031935960e-03
-6.787530487193995654e-01 1.666628595512447353e+00 4.914768363736010670e-01 1.996007984031935960e-03
-8.120269206918360183e-01 1.612926636015006743e+00 6.389650437070962807e-01 1.996007984031935960e-03
-8.005283108950096427e-01 1.559527327610456426e+00 6.409476215556511036e-01 1.996007984031935960e-03
-8.160283136953726535e-01 1.605665697607278286e+00 6.282401712150167405e-01 1.996007984031935960e-03
-7.090491562344594101e-01 1.641924289231752709e+00 5.878255740503782745e-01 1.996007984031935960e-03
-5.973426023825141318e-01 1.621886825109640773e+00 4.172710758879532578e-01 1.996007984031935960e-03
-6.068294768967996689e-01 1.700422949540188133e+00 4.466295190487039046e-01 1.996007984031935960e-03
-7.337579863666638946e-01 1.670345246177789233e+00 5.579604591192045548e-01 1.996007984031935960e-03
-8.016710181004768065e-01 1.567312921123232172e+00 6.124497958967446420e-01 1.996007984031935960e-03
-6.775444206129801472e-01 1.682737448215837039e+00 5.021280269300243404e-01 1.996007984031935960e-03
-8.392462399839291098e-01 1.651828556843707219e+00 6.682462288010968532e-01 1.996007984031935960e-03
-6.935137423494951436e-01 1.619544531303536150e+00 5.546586315983388360e-01 1.996007984031935960e-03
-6.938474278622370761e-01 1.616653293554563442e+00 5.469863684024016681e-01 1.996007984031935960e-03
-6.909218085134074538e-01 1.549399601528453019e+00 5.185807870910817963e-01 1.996007984031935960e-03
-6.857850319284934937e-01 1.670468476088505794e+00 4.930358852960205485e-01 1.996007984031935960e-03
-4.826671004987789226e-01 1.627499267705047270e+00 4.310370607940179899e-01 1.996007984031935960e-03
-5.756006614854267678e-01 1.601931391685698092e+00 4.216239737513222119e-01 1.996007984031935960e-03
-7.468644609870065398e-01 1.666804821251302249e+00 5.965623436091808118e-01 1.996007984031935960e-03
-6.212868880109169156e-01 1.626987657868567805e+00 5.506592486429893185e-01 1.996007984031935960e-03
-6.217148216150503170e-01 1.579517694598056909e+00 5.060461806785512273e-01 1.996007984031935960e-03
-6.763208414945760527e-01 1.587068238926017116e+00 4.684406838571166798e-01 1.996007984031935960e-03
-8.029744249286744351e-01 1.510737393571260245e+00 6.042510651030453817e-01 1.996007984031935960e-03
-7.371953374692926664e-01 1.591307546111110360e+00 5.789430565296750375e-01 1.996007984031935960e-03
-6.296614919661018828e-01 1.698674319824493351e+00 5.517843581579098267e-01 1.996007984031935960e-03
-6.068055288785699775e-01 1.590218845661979241e+00 4.847448023279780083e-01 1.996007984031935960e-03
-6.084614390480855839e-01 1.704704619258932574e+00 4.813895028102256890e-01 1.996007984031935960e-03
-5.988287223462001041e-01 1.482621381188501841e+00 5.721413979271825490e-01 1.996007984031935960e-03
-5.965635048331298096e-01 1.598490461808394381e+00 4.647635778735971224e-01 1.996007984031935960e-03
-5.808022921801064831e-01 1.633011057066973359e+00 4.387160089018185549e-01 1.996007984031935960e-03
-6.933380807686950753e-01 1.594661587759238053e+00 4.375189842194296963e-01 1.996007984031935960e-03
-6.857850319284934937e-01 1.670468476088505794e+00 4.930358852960205485e-01 1.996007984031935960e-03
-6.623102764620545369e-01 1.511741787119339930e+00 4.968816805601319331e-01 1.996007984031935960e-03
-7.473927919439586898e-01 1.659100088998858302e+00 5.614510682871846070e-01 1.996007984031935960e-03
-5.712740997818555044e-01 1.660862049839019194e+00 4.024238472159189506e-01 1.996007984031935960e-03
-6.132054376902509318e-01 1.635412173052883666e+00 5.295556175433354662e-01 1.996007984031935960e-03
-4.640419701834865296e-01 1.578830798389361911e+00 4.515263982416992117e-01 1.996007984031935960e-03
-6.958940162048092848e-01 1.586079438865068747e+00 5.078934043386414965e-01 1.996007984031935960e-03
-7.778978739673670928e-01 1.523266862146976930e+00 6.464496009389228970e-01 1.996007984031935960e-03
-4.370477731320315806e-01 1.685455264528001429e+00 4.766750903736819422e-01 1.996007984031935960e-03
-5.792803788014631028e-01 1.682477708272665851e+00 4.602096591941518544e-01 1.996007984031935960e-03
-8.031448083647380054e-01 1.556468945216297861e+00 6.627522246216849267e-01 1.996007984031935960e-03
-5.829579928649362142e-01 1.630785558220805287e+00 4.247574338915786618e-01 1.996007984031935960e-03
-6.340732903635897255e-01 1.621898099516851710e+00 5.219771329606054389e-01 1.996007984031935960e-03
-6.204153560985776750e-01 1.633585249060837130e+00 5.786494936030147640e-01 1.996007984031935960e-03
-6.770149062554619013e-01 1.555992659935254263e+00 5.106432935980044219e-01 1.996007984031935960e-03
-4.969112268433535373e-01 1.638501635590607242e+00 4.609298004022585049e-01 1.996007984031935960e-03
-5.808022921801064831e-01 1.633011057066973359e+00 4.387160089018185549e-01 1.996007984031935960e-03
-6.077555126644790251e-01 1.723632171137629010e+00 5.210796593191732162e-01 1.996007984031935960e-03
-6.950752317837677330e-01 1.587038435127632097e+00 5.124667564868166103e-01 1.996007984031935960e-03
-6.445842487417384747e-01 1.534957436544456710e+00 4.390784430279979222e-01 1.996007984031935960e-03
-5.904789907556646789e-01 1.625409389295341178e+00 3.690596537331056748e-01 1.996007984031935960e-03
-5.557656271889843680e-01 1.615307339353981186e+00 4.025965860462815682e-01 1.996007984031935960e-03
-6.866206268590462347e-01 1.668388670922830164e+00 5.519630453679347237e-01 1.996007984031935960e-03
-5.201895692813365280e-01 1.619044957516643901e+00 4.690468781933563314e-01 1.996007984031935960e-03
-8.189255662032226546e-01 1.666565397881297095e+00 6.762093578875763011e-01 1.996007984031935960e-03
-5.462031928544553994e-01 1.545657390369570061e+00 4.490587627095639078e-01 1.996007984031935960e-03
-5.781737854324355830e-01 1.661684051207225288e+00 4.769910020695279917e-01 1.996007984031935960e-03
-5.792803788014631028e-01 1.682477708272665851e+00 4.602096591941518544e-01 1.996007984031935960e-03
-8.157514100337821539e-01 1.669909557968819680e+00 6.766677687006122932e-01 1.996007984031935960e-03
-6.057569708621254323e-01 1.588604109413599863e+00 4.704712451473681556e-01 1.996007984031935960e-03
-6.735598432038931715e-01 1.517123078825476146e+00 5.178133074788267010e-01 1.996007984031935960e-03
-6.839209087013887745e-01 1.564369926813593770e+00 4.826471349125069366e-01 1.996007984031935960e-03
-6.815253750359263618e-01 1.601082553136909947e+00 5.245562075942112878e-01 1.996007984031935960e-03
-7.342846196620511634e-01 1.605085455024576557e+00 5.288491220629220058e-01 1.996007984031935960e-03
-5.738529789843034301e-01 1.605730092952873722e+00 4.179094207142720063e-01 1.996007984031935960e-03
-6.467966601920741576e-01 1.650054329298946243e+00 5.091358805627841377e-01 1.996007984031935960e-03
-5.791708323797317703e-01 1.686258292678921134e+00 4.755078556032960035e-01 1.996007984031935960e-03
-7.371953374692926664e-01 1.591307546111110360e+00 5.789430565296750375e-01 1.996007984031935960e-03
-6.280542218287279432e-01 1.673529584388380176e+00 5.173351404994319669e-01 1.996007984031935960e-03
-6.212868880109169156e-01 1.626987657868567805e+00 5.506592486429893185e-01 1.996007984031935960e-03
-5.601761478174184239e-01 1.712925091046711534e+00 4.323449130293657849e-01 1.996007984031935960e-03
-6.657097620450008746e-01 1.538118860891174888e+00 4.567380270773385154e-01 1.996007984031935960e-03
-5.758445940383261075e-01 1.707100676280486118e+00 4.479994097977140766e-01 1.996007984031935960e-03
-7.473927919439586898e-01 1.659100088998858302e+00 5.614510682871846070e-01 1.996007984031935960e-03
-7.050550074470459672e-01 1.594878981869012335e+00 5.299781556080296330e-01 1.996007984031935960e-03
-5.601761478174184239e-01 1.712925091046711534e+00 4.323449130293657849e-01 1.996007984031935960e-03
-6.466708812559338604e-01 1.608524034178134610e+00 5.136089903468376017e-01 1.996007984031935960e-03
-5.572618332733942914e-01 1.682799635614797173e+00 4.296970387853082940e-01 1.996007984031935960e-03
-6.021816230061125541e-01 1.643789125776571103e+00 4.934455584876505374e-01 1.996007984031935960e-03
-6.217148216150503170e-01 1.579517694598056909e+00 5.060461806785512273e-01 1.996007984031935960e-03
-6.691187166088188309e-01 1.630019702738044085e+00 5.135913991361099606e-01 1.996007984031935960e-03
-5.730805966036848220e-01 1.679742277421193197e+00 4.662369481048465047e-01 1.996007984031935960e-03
-6.721641741900439282e-01 1.575936941039254080e+00 4.809371116722835349e-01 1.996007984031935960e-03
-6.050660770907581032e-01 1.721969883057395734e+00 4.610087777598939618e-01 1.996007984031935960e-03
-6.084576348568790927e-01 1.615677578485597010e+00 4.225428333480963361e-01 1.996007984031935960e-03
-6.051881407537940127e-01 1.713556301361709000e+00 4.695961829386109398e-01 1.996007984031935960e-03
-6.669908906250766600e-01 1.560547936241212685e+00 4.930829350300938718e-01 1.996007984031935960e-03
-6.342760381222039001e-01 1.656113363096748170e+00 4.663017284171869226e-01 1.996007984031935960e-03
-5.367934112547017023e-01 1.650019347344182430e+00 5.182415085106509833e-01 1.996007984031935960e-03
-6.524487460050035770e-01 1.525976632914951336e+00 4.399647004877725864e-01 1.996007984031935960e-03
-7.102734572041251582e-01 1.601086397303581599e+00 5.646985177474309614e-01 1.996007984031935960e-03
-5.462031928544553994e-01 1.545657390369570061e+00 4.490587627095639078e-01 1.996007984031935960e-03
-6.721641741900439282e-01 1.575936941039254080e+00 4.809371116722835349e-01 1.996007984031935960e-03
-7.072708428796902203e-01 1.628751439420944136e+00 5.730285748518901823e-01 1.996007984031935960e-03
-5.757775268658845702e-01 1.643044977998616263e+00 4.561770821469203208e-01 1.996007984031935960e-03
-6.493136606553900902e-01 1.533796683178874298e+00 4.583308388514814036e-01 1.996007984031935960e-03
-4.830010740795798174e-01 1.561211778824772800e+00 4.574936544259595728e-01 1.996007984031935960e-03
-6.353718629498643633e-01 1.626294623574751075e+00 5.911269198121145152e-01 1.996007984031935960e-03
-6.212868880109169156e-01 1.626987657868567805e+00 5.506592486429893185e-01 1.996007984031935960e-03
-4.407946449017804413e-01 1.683239915164961964e+00 4.796167320011166524e-01 1.996007984031935960e-03
-6.841007260000754320e-01 1.551875159457981601e+00 4.889925535998648209e-01 1.996007984031935960e-03
-6.086885903222287730e-01 1.702213101154174346e+00 4.986734548470015960e-01 1.996007984031935960e-03
-6.892278006272747337e-01 1.638176318096028261e+00 5.484228559943992165e-01 1.996007984031935960e-03
-6.089046579606067766e-01 1.754856772674143528e+00 5.652422931895350056e-01 1.996007984031935960e-03
-6.831494487956106809e-01 1.564160124310228106e+00 5.285550902408666651e-01 1.996007984031935960e-03
-6.447887988101708157e-01 1.632259813821944183e+00 4.733270750343848698e-01 1.996007984031935960e-03
-6.740915885347247283e-01 1.516692051661370000e+00 5.280245795709789247e-01 1.996007984031935960e-03
-6.972387034891394109e-01 1.605908865674443575e+00 4.665944660201792882e-01 1.996007984031935960e-03
-5.996248918831432739e-01 1.650219124471463461e+00 4.923046651073977875e-01 1.996007984031935960e-03
-6.370267640901051687e-01 1.609937208382258067e+00 5.034215614534612859e-01 1.996007984031935960e-03
-6.365678406094946729e-01 1.565248437569588091e+00 4.543049019694224144e-01 1.996007984031935960e-03
-6.854894634266787135e-01 1.618121867087001675e+00 5.330225622470111668e-01 1.996007984031935960e-03
-4.397257795111919054e-01 1.741207499819443782e+00 5.077596712091997366e-01 1.996007984031935960e-03
-6.045170203031442480e-01 1.706878789430398502e+00 4.763151049066683407e-01 1.996007984031935960e-03
-8.080817815751704103e-01 1.509874287230494661e+00 6.152956207569506564e-01 1.996007984031935960e-03
-8.120269206918360183e-01 1.612926636015006743e+00 6.389650437070962807e-01 1.996007984031935960e-03
-5.988933862807921393e-01 1.703596346011342133e+00 4.398170286533499840e-01 1.996007984031935960e-03
-6.696990508122385721e-01 1.687276077842849498e+00 4.929888464057415320e-01 1.996007984031935960e-03
-6.347787245122088473e-01 1.658051669164709363e+00 4.621480917680161338e-01 1.996007984031935960e-03
-6.554607750723314696e-01 1.551990194603596551e+00 5.017259466748155150e-01 1.996007984031935960e-03
-6.623102764620545369e-01 1.511741787119339930e+00 4.968816805601319331e-01 1.996007984031935960e-03
-5.615343805638833841e-01 1.579590731157742844e+00 3.999672328429581536e-01 1.996007984031935960e-03
-5.629786440789502633e-01 1.694310610700102915e+00 4.753168697266075271e-01 1.996007984031935960e-03
-6.467966601920741576e-01 1.650054329298946243e+00 5.091358805627841377e-01 1.996007984031935960e-03
-7.072708428796902203e-01 1.628751439420944136e+00 5.730285748518901823e-01 1.996007984031935960e-03
-6.272302790699354480e-01 1.674410176158910524e+00 5.252506853913261331e-01 1.996007984031935960e-03
-6.841007260000754320e-01 1.551875159457981601e+00 4.889925535998648209e-01 1.996007984031935960e-03
-6.221958459000962449e-01 1.711651266342881117e+00 4.825138518980500169e-01 1.996007984031935960e-03
-6.342760381222039001e-01 1.656113363096748170e+00 4.663017284171869226e-01 1.996007984031935960e-03
-6.759249372513399523e-01 1.680983413659968173e+00 5.101938832664958401e-01 1.996007984031935960e-03
-6.069168060523759678e-01 1.707109488926796814e+00 4.915800768380250707e-01 1.996007984031935960e-03
-6.667429238686535253e-01 1.522285075092139506e+00 4.595961723298871981e-01 1.996007984031935960e-03
-4.644936511798628542e-01 1.658060681145328452e+00 4.323000646484804199e-01 1.996007984031935960e-03
-5.943569397296716295e-01 1.666080115252678739e+00 4.651978008441441381e-01 1.996007984031935960e-03
-6.144684002101135079e-01 1.629116118849332384e+00 4.912061363172842698e-01 1.996007984031935960e-03
-5.547708446470309696e-01 1.717047022838493975e+00 4.352916450664159886e-01 1.996007984031935960e-03
-5.729248997594518222e-01 1.569392727668925680e+00 3.987929148083784736e-01 1.996007984031935960e-03
-6.448037431166117051e-01 1.567925674868359653e+00 5.397565853577077633e-01 1.996007984031935960e-03
-6.837895481672179310e-01 1.583157567431611845e+00 5.006400508507842240e-01 1.996007984031935960e-03
-6.034868023207046184e-01 1.487238105157978607e+00 5.791317987614662544e-01 1.996007984031935960e-03
-7.160153928304000548e-01 1.615687406702672524e+00 5.282362283401159653e-01 1.996007984031935960e-03
-6.388427325860518424e-01 1.618994430344931512e+00 5.364919038812669960e-01 1.996007984031935960e-03
-6.689350576914365742e-01 1.587793504505484732e+00 4.949280175801450410e-01 1.996007984031935960e-03
-6.492116934007857720e-01 1.555115341803187334e+00 4.974312101052468793e-01 1.996007984031935960e-03
-8.273278276933777597e-01 1.511095017010572139e+00 6.389973513621293177e-01 1.996007984031935960e-03
-6.230792902053395865e-01 1.663675819104824871e+00 4.861887448052366612e-01 1.996007984031935960e-03
-7.293878881611410847e-01 1.608064638471106145e+00 5.163275216325503569e-01 1.996007984031935960e-03
-6.872295727133794774e-01 1.679498947729686664e+00 5.748443528759116239e-01 1.996007984031935960e-03
-6.689350576914365742e-01 1.587793504505484732e+00 4.949280175801450410e-01 1.996007984031935960e-03
-6.695312589453303875e-01 1.561803629410124516e+00 4.907034109346552486e-01 1.996007984031935960e-03
-5.630886692442511610e-01 1.557896934545049517e+00 4.279331751510375148e-01 1.996007984031935960e-03
-7.122003225173756391e-01 1.627407784334722995e+00 5.096721136135312635e-01 1.996007984031935960e-03
-6.599013933822617251e-01 1.519204987421482578e+00 4.372712541709054546e-01 1.996007984031935960e-03
-6.764487597288241227e-01 1.525569859466408884e+00 4.467071335788901365e-01 1.996007984031935960e-03
-5.357809312579078220e-01 1.551597331014821002e+00 4.593628438110624046e-01 1.996007984031935960e-03
-5.758445940383261075e-01 1.707100676280486118e+00 4.479994097977140766e-01 1.996007984031935960e-03
-8.347058464216337015e-01 1.658074657870193924e+00 6.852295104622940780e-01 1.996007984031935960e-03
-7.323409273541793274e-01 1.616520054948306973e+00 5.206489379403933526e-01 1.996007984031935960e-03
-4.775546363742400047e-01 1.630373488711024166e+00 4.473260472562827772e-01 1.996007984031935960e-03
-4.640419701834865296e-01 1.578830798389361911e+00 4.515263982416992117e-01 1.996007984031935960e-03
-5.706447042173719009e-01 1.665651110642305976e+00 4.551619074766522499e-01 1.996007984031935960e-03
-5.842550974290516841e-01 1.631044323647586003e+00 4.383701965587477600e-01 1.996007984031935960e-03
-5.829579928649362142e-01 1.630785558220805287e+00 4.247574338915786618e-01 1.996007984031935960e-03
-8.005283108950096427e-01 1.559527327610456426e+00 6.409476215556511036e-01 1.996007984031935960e-03
-6.899953792773854122e-01 1.601164150156019428e+00 4.510673630922167332e-01 1.996007984031935960e-03
-7.067829022945171236e-01 1.631662999378246992e+00 5.802197782315312580e-01 1.996007984031935960e-03
-7.941985085659366561e-01 1.620457320741554019e+00 6.432105647570590667e-01 1.996007984031935960e-03
-6.837895481672179310e-01 1.583157567431611845e+00 5.006400508507842240e-01 1.996007984031935960e-03
-7.323409273541793274e-01 1.616520054948306973e+00 5.206489379403933526e-01 1.996007984031935960e-03
-6.068055288785699775e-01 1.590218845661979241e+00 4.847448023279780083e-01 1.996007984031935960e-03
-6.736781652783496721e-01 1.582256685326094869e+00 5.019882749385340404e-01 1.996007984031935960e-03
-5.860908430889770759e-01 1.688507046538579859e+00 5.744731611321315379e-01 1.996007984031935960e-03
-6.397309781350548619e-01 1.675085543429136292e+00 5.359286699327026060e-01 1.996007984031935960e-03
-5.770325820387809390e-01 1.671755574308354308e+00 4.469710820570499399e-01 1.996007984031935960e-03
-6.189547934587977807e-01 1.577744590217932119e+00 4.819262867881992651e-01 1.996007984031935960e-03
-6.693922857073304478e-01 1.650240311959794370e+00 5.380562167407558771e-01 1.996007984031935960e-03
-6.270229743145081525e-01 1.688048232607576082e+00 5.030654320594930562e-01 1.996007984031935960e-03
-5.693364976984756076e-01 1.568292226302780534e+00 3.917599064135566245e-01 1.996007984031935960e-03
-7.042210801979298385e-01 1.657916794105092073e+00 5.684625956023522386e-01 1.996007984031935960e-03
-4.830010740795798174e-01 1.561211778824772800e+00 4.574936544259595728e-01 1.996007984031935960e-03
-5.246698013630389790e-01 1.636128116031216440e+00 4.505423431451633376e-01 1.996007984031935960e-03
-6.448037431166117051e-01 1.567925674868359653e+00 5.397565853577077633e-01 1.996007984031935960e-03
-6.308143904096805699e-01 1.663470719167937872e+00 5.626184551883551821e-01 1.996007984031935960e-03
-7.149104903837742997e-01 1.669328411631932463e+00 6.281232694706032627e-01 1.996007984031935960e-03
-6.754533811908287610e-01 1.556709957370831843e+00 4.838521247334747755e-01 1.996007984031935960e-03
-5.897529563003104380e-01 1.561182702628288732e+00 4.732858926899615737e-01 1.996007984031935960e-03
-6.211670269501625707e-01 1.614846012827392041e+00 6.065618142283110137e-01 1.996007984031935960e-03
-5.332256642962486248e-01 1.633608275862019177e+00 4.703217042795493907e-01 1.996007984031935960e-03
-5.482297993857667695e-01 1.564290536110500840e+00 3.587938984477801463e-01 1.996007984031935960e-03
-6.137174916604551944e-01 1.577464022777515851e+00 3.862769649208088740e-01 1.996007984031935960e-03
-7.037498087668225821e-01 1.684402662986718591e+00 4.966297787786955742e-01 1.996007984031935960e-03
-6.669908906250766600e-01 1.560547936241212685e+00 4.930829350300938718e-01 1.996007984031935960e-03
-6.669908906250766600e-01 1.560547936241212685e+00 4.930829350300938718e-01 1.996007984031935960e-03
-6.407470440167044590e-01 1.560721525971902057e+00 4.384731028597265712e-01 1.996007984031935960e-03
-8.209163862208621598e-01 1.544572456930873194e+00 6.122952169212579898e-01 1.996007984031935960e-03
-5.572618332733942914e-01 1.682799635614797173e+00 4.296970387853082940e-01 1.996007984031935960e-03
-5.246698013630389790e-01 1.636128116031216440e+00 4.505423431451633376e-01 1.996007984031935960e-03
-6.696990508122385721e-01 1.687276077842849498e+00 4.929888464057415320e-01 1.996007984031935960e-03
-5.904500286274798615e-01 1.710823191008907340e+00 4.673898784497644843e-01 1.996007984031935960e-03
-6.626531716437138453e-01 1.599447395375858116e+00 5.148004358497489941e-01 1.996007984031935960e-03
-8.005283108950096427e-01 1.559527327610456426e+00 6.409476215556511036e-01 1.996007984031935960e-03
-6.807379227372821751e-01 1.756124590512081918e+00 5.053856257387504547e-01 1.996007984031935960e-03
-6.623102764620545369e-01 1.511741787119339930e+00 4.968816805601319331e-01 1.996007984031935960e-03
-7.363272850718181051e-01 1.614505071342879017e+00 5.230583526461455302e-01 1.996007984031935960e-03
-6.464963453829267737e-01 1.560923792783787567e+00 5.104701883502364979e-01 1.996007984031935960e-03
-5.757775268658845702e-01 1.643044977998616263e+00 4.561770821469203208e-01 1.996007984031935960e-03
-6.164521325476943758e-01 1.629767547716744147e+00 5.070382092767462545e-01 1.996007984031935960e-03
-5.792803788014631028e-01 1.682477708272665851e+00 4.602096591941518544e-01 1.996007984031935960e-03
-7.468644609870065398e-01 1.666804821251302249e+00 5.965623436091808118e-01 1.996007984031935960e-03
-5.743205552800718650e-01 1.672506169092963235e+00 4.493843746882382195e-01 1.996007984031935960e-03
-7.284451286253792457e-01 1.624465442976795515e+00 5.304405339508549977e-01 1.996007984031935960e-03
-6.754533811908287610e-01 1.556709957370831843e+00 4.838521247334747755e-01 1.996007984031935960e-03
-6.787530487193995654e-01 1.666628595512447353e+00 4.914768363736010670e-01 1.996007984031935960e-03
-8.147329990850005199e-01 1.569528725650375156e+00 6.751291642008774296e-01 1.996007984031935960e-03
-8.120269206918360183e-01 1.612926636015006743e+00 6.389650437070962807e-01 1.996007984031935960e-03
-6.638173823694805131e-01 1.558573614279655573e+00 5.459942521209132371e-01 1.996007984031935960e-03
-6.693922857073304478e-01 1.650240311959794370e+00 5.380562167407558771e-01 1.996007984031935960e-03
-5.811879429710035128e-01 1.691899345815207401e+00 4.796946579038430247e-01 1.996007984031935960e-03
-7.341189317094114486e-01 1.685666389220710659e+00 5.926257144702357094e-01 1.996007984031935960e-03
-6.252605412703671206e-01 1.573068604743119714e+00 5.139823774287954894e-01 1.996007984031935960e-03
-6.822841041031020293e-01 1.676370667007745396e+00 5.069295240863243013e-01 1.996007984031935960e-03
-6.918836434120358980e-01 1.714815329337813887e+00 5.062519326724171931e-01 1.996007984031935960e-03
-6.759249372513399523e-01 1.680983413659968173e+00 5.101938832664958401e-01 1.996007984031935960e-03
-6.476769887615937416e-01 1.688646195676393624e+00 4.771554437229629242e-01 1.996007984031935960e-03
-6.152032994832667967e-01 1.674536980321803536e+00 4.594104640004934015e-01 1.996007984031935960e-03
-6.251806909011776714e-01 1.671442557600122170e+00 5.073012580277026506e-01 1.996007984031935960e-03
-6.771042962513365016e-01 1.613053155237150094e+00 4.926431538207687311e-01 1.996007984031935960e-03
-6.029766417656970967e-01 1.641824030142333024e+00 4.849321794712129763e-01 1.996007984031935960e-03
-6.598843615212648395e-01 1.587333649292454574e+00 4.978860883280519234e-01 1.996007984031935960e-03
-7.075337813943949339e-01 1.476260416296887978e+00 5.800655568290913333e-01 1.996007984031935960e-03
-7.468644609870065398e-01 1.666804821251302249e+00 5.965623436091808118e-01 1.996007984031935960e-03
-5.954356711825694592e-01 1.509869397692780613e+00 5.474611794593070568e-01 1.996007984031935960e-03
-5.246698013630389790e-01 1.636128116031216440e+00 4.505423431451633376e-01 1.996007984031935960e-03
-7.214546120704101728e-01 1.606969549116434637e+00 5.028654330080816193e-01 1.996007984031935960e-03
-7.075685379863247970e-01 1.631988775886430432e+00 5.868722944759481308e-01 1.996007984031935960e-03
-4.623258684494426785e-01 1.582448229192340294e+00 4.657895048702977436e-01 1.996007984031935960e-03
-6.599013933822617251e-01 1.519204987421482578e+00 4.372712541709054546e-01 1.996007984031935960e-03
-6.106990151473895567e-01 1.630403582065659274e+00 5.406707971888961017e-01 1.996007984031935960e-03
-6.448037431166117051e-01 1.567925674868359653e+00 5.397565853577077633e-01 1.996007984031935960e-03
-6.466708812559338604e-01 1.608524034178134610e+00 5.136089903468376017e-01 1.996007984031935960e-03
-5.920259819904902798e-01 1.667607980462697981e+00 4.600091531944986434e-01 1.996007984031935960e-03
-8.166179656225216466e-01 1.495804441347337255e+00 5.886312514028055887e-01 1.996007984031935960e-03
-5.096773450971424646e-01 1.630040030619737790e+00 4.648373195620469356e-01 1.996007984031935960e-03
-6.524487460050035770e-01 1.525976632914951336e+00 4.399647004877725864e-01 1.996007984031935960e-03
-6.787530487193995654e-01 1.666628595512447353e+00 4.914768363736010670e-01 1.996007984031935960e-03
-5.875535946356998940e-01 1.567429522513432705e+00 4.191843739069314179e-01 1.996007984031935960e-03
-5.729248997594518222e-01 1.569392727668925680e+00 3.987929148083784736e-01 1.996007984031935960e-03
-5.639384041360745448e-01 1.582296293770169004e+00 4.131578204792777931e-01 1.996007984031935960e-03
-7.723895123196735657e-01 1.516576140724393174e+00 6.146393215326332315e-01 1.996007984031935960e-03
-5.601761478174184239e-01 1.712925091046711534e+00 4.323449130293657849e-01 1.996007984031935960e-03
-6.127420356307262672e-01 1.599116969296480839e+00 5.041464478662440740e-01 1.996007984031935960e-03
-6.595333193108656733e-01 1.558613085949846155e+00 6.003983514083022222e-01 1.996007984031935960e-03
-7.160153928304000548e-01 1.615687406702672524e+00 5.282362283401159653e-01 1.996007984031935960e-03
-6.884286313412280034e-01 1.600858901216193342e+00 4.477350506631652682e-01 1.996007984031935960e-03
-6.695312589453303875e-01 1.561803629410124516e+00 4.907034109346552486e-01 1.996007984031935960e-03
-5.794132697273387533e-01 1.634813581856477516e+00 3.676739979410459380e-01 1.996007984031935960e-03
-6.492116934007857720e-01 1.555115341803187334e+00 4.974312101052468793e-01 1.996007984031935960e-03
-8.162626641955331719e-01 1.551527560483611401e+00 6.613935884579016378e-01 1.996007984031935960e-03
-6.926234362655614429e-01 1.600224515144379911e+00 4.988797443867574177e-01 1.996007984031935960e-03
-6.466708812559338604e-01 1.608524034178134610e+00 5.136089903468376017e-01 1.996007984031935960e-03
-8.124624053890642239e-01 1.609601970124617809e+00 6.159191044608951504e-01 1.996007984031935960e-03
-6.887696383955357327e-01 1.577353464370776948e+00 5.110413158898591268e-01 1.996007984031935960e-03
-4.922951979819156221e-01 1.610395681453264727e+00 4.104088072052702318e-01 1.996007984031935960e-03
-7.371953374692926664e-01 1.591307546111110360e+00 5.789430565296750375e-01 1.996007984031935960e-03
-7.113922369477262420e-01 1.672943170774619626e+00 6.355218781992629795e-01 1.996007984031935960e-03
-8.190466919851965288e-01 1.605813288540529848e+00 6.374366999167533354e-01 1.996007984031935960e-03
-6.422216571180238143e-01 1.657278945919667512e+00 4.809133480670052530e-01 1.996007984031935960e-03
-6.743881710187054068e-01 1.676846936247341935e+00 4.858826431708370697e-01 1.996007984031935960e-03
-5.875535946356998940e-01 1.567429522513432705e+00 4.191843739069314179e-01 1.996007984031935960e-03
-6.777074166714978087e-01 1.678629505702144531e+00 5.100560414014920774e-01 1.996007984031935960e-03
-6.613311992275373585e-01 1.537548373469661334e+00 4.289820826375658203e-01 1.996007984031935960e-03
-5.706447042173719009e-01 1.665651110642305976e+00 4.551619074766522499e-01 1.996007984031935960e-03
-6.086885903222287730e-01 1.702213101154174346e+00 4.986734548470015960e-01 1.996007984031935960e-03
-6.120002579439248747e-01 1.646772099047460136e+00 5.075027083545139428e-01 1.996007984031935960e-03
-5.424186433818022346e-01 1.652717277692599795e+00 5.374183152516823769e-01 1.996007984031935960e-03
-5.482297993857667695e-01 1.564290536110500840e+00 3.587938984477801463e-01 1.996007984031935960e-03
-5.547708446470309696e-01 1.717047022838493975e+00 4.352916450664159886e-01 1.996007984031935960e-03
-6.443268294627185755e-01 1.611955678404853209e+00 5.300934867194182498e-01 1.996007984031935960e-03
-6.476769887615937416e-01 1.688646195676393624e+00 4.771554437229629242e-01 1.996007984031935960e-03
-6.008574068832424064e-01 1.729952792597970745e+00 5.351492256490323340e-01 1.996007984031935960e-03
-6.695312589453303875e-01 1.561803629410124516e+00 4.907034109346552486e-01 1.996007984031935960e-03
-7.778978739673670928e-01 1.523266862146976930e+00 6.464496009389228970e-01 1.996007984031935960e-03
-6.445842487417384747e-01 1.534957436544456710e+00 4.390784430279979222e-01 1.996007984031935960e-03
-6.837895481672179310e-01 1.583157567431611845e+00 5.006400508507842240e-01 1.996007984031935960e-03
-6.085761350070745257e-01 1.643683006029617033e+00 4.968080695413836789e-01 1.996007984031935960e-03
-7.941985085659366561e-01 1.620457320741554019e+00 6.432105647570590667e-01 1.996007984031935960e-03
-6.735598432038931715e-01 1.517123078825476146e+00 5.178133074788267010e-01 1.996007984031935960e-03
-6.946668215161442284e-01 1.490813657712207529e+00 5.673884927588787042e-01 1.996007984031935960e-03
-6.315443772329547567e-01 1.562261650429859428e+00 4.322106316195872266e-01 1.996007984031935960e-03
-6.667429238686535253e-01 1.522285075092139506e+00 4.595961723298871981e-01 1.996007984031935960e-03
-6.083288720098030122e-01 1.602505533363630663e+00 5.083820436243796648e-01 1.996007984031935960e-03
-6.837895481672179310e-01 1.583157567431611845e+00 5.006400508507842240e-01 1.996007984031935960e-03
-7.333096082664729565e-01 1.466251706588644232e+00 6.297464708647764198e-01 1.996007984031935960e-03
-6.367968275887420093e-01 1.578522267620039887e+00 4.339029948602513564e-01 1.996007984031935960e-03
-6.638173823694805131e-01 1.558573614279655573e+00 5.459942521209132371e-01 1.996007984031935960e-03
-5.672484415678691327e-01 1.712063958539100650e+00 4.415919917025011854e-01 1.996007984031935960e-03
-6.815253750359263618e-01 1.601082553136909947e+00 5.245562075942112878e-01 1.996007984031935960e-03
-6.683625348687155521e-01 1.559293850188878006e+00 4.778573057742814267e-01 1.996007984031935960e-03
-6.252605412703671206e-01 1.573068604743119714e+00 5.139823774287954894e-01 1.996007984031935960e-03
-8.273278276933777597e-01 1.511095017010572139e+00 6.389973513621293177e-01 1.996007984031935960e-03
-6.594889690121723547e-01 1.622336660633437289e+00 5.752465103855082251e-01 1.996007984031935960e-03
-6.403293075600071660e-01 1.559241087119266123e+00 4.394902506675193443e-01 1.996007984031935960e-03
-6.029766417656970967e-01 1.641824030142333024e+00 4.849321794712129763e-01 1.996007984031935960e-03
-6.283556432238728284e-01 1.674434523471052261e+00 5.329911216473670610e-01 1.996007984031935960e-03
-8.053649319506823723e-01 1.611158791030015802e+00 6.339997515167007380e-01 1.996007984031935960e-03
-6.252605412703671206e-01 1.573068604743119714e+00 5.139823774287954894e-01 1.996007984031935960e-03
-6.464963453829267737e-01 1.560923792783787567e+00 5.104701883502364979e-01 1.996007984031935960e-03
-6.197296528074590638e-01 1.576584488909021031e+00 5.236513145637491373e-01 1.996007984031935960e-03
-6.365678406094946729e-01 1.565248437569588091e+00 4.543049019694224144e-01 1.996007984031935960e-03
-6.824967147026461678e-01 1.626890253280185661e+00 5.552635030349578615e-01 1.996007984031935960e-03
-5.424186433818022346e-01 1.652717277692599795e+00 5.374183152516823769e-01 1.996007984031935960e-03
-5.996248918831432739e-01 1.650219124471463461e+00 4.923046651073977875e-01 1.996007984031935960e-03
-6.057569708621254323e-01 1.588604109413599863e+00 4.704712451473681556e-01 1.996007984031935960e-03
-6.899953792773854122e-01 1.601164150156019428e+00 4.510673630922167332e-01 1.996007984031935960e-03
-7.284451286253792457e-01 1.624465442976795515e+00 5.304405339508549977e-01 1.996007984031935960e-03
-5.746960100617689582e-01 1.642735307704197512e+00 4.388356056861907883e-01 1.996007984031935960e-03
-6.450966390102120807e-01 1.545905537956778542e+00 4.151694679782375053e-01 1.996007984031935960e-03
-6.057569708621254323e-01 1.588604109413599863e+00 4.704712451473681556e-01 1.996007984031935960e-03
-6.388427325860518424e-01 1.618994430344931512e+00 5.364919038812669960e-01 1.996007984031935960e-03
-5.860908430889770759e-01 1.688507046538579859e+00 5.744731611321315379e-01 1.996007984031935960e-03
-6.385872648064631063e-01 1.676673795784525245e+00 5.424220291055282805e-01 1.996007984031935960e-03
-6.719767933405995652e-01 1.591549588369199242e+00 4.705310257227662274e-01 1.996007984031935960e-03
-6.152032994832667967e-01 1.674536980321803536e+00 4.594104640004934015e-01 1.996007984031935960e-03
-6.212868880109169156e-01 1.626987657868567805e+00 5.506592486429893185e-01 1.996007984031935960e-03
-6.084576348568790927e-01 1.615677578485597010e+00 4.225428333480963361e-01 1.996007984031935960e-03
-8.151926074845482484e-01 1.571759911336535698e+00 6.913568253681042775e-01 1.996007984031935960e-03
-6.594889690121723547e-01 1.622336660633437289e+00 5.752465103855082251e-01 1.996007984031935960e-03
-5.996248918831432739e-01 1.650219124471463461e+00 4.923046651073977875e-01 1.996007984031935960e-03
-6.763208414945760527e-01 1.587068238926017116e+00 4.684406838571166798e-01 1.996007984031935960e-03
-5.996248918831432739e-01 1.650219124471463461e+00 4.923046651073977875e-01 1.996007984031935960e-03
-6.533651250545318145e-01 1.561638681980453525e+00 5.476450516688216030e-01 1.996007984031935960e-03
-6.689350576914365742e-01 1.587793504505484732e+00 4.949280175801450410e-01 1.996007984031935960e-03
-6.251806909011776714e-01 1.671442557600122170e+00 5.073012580277026506e-01 1.996007984031935960e-03
-8.080817815751704103e-01 1.509874287230494661e+00 6.152956207569506564e-01 1.996007984031935960e-03
